0 0.7652678489685059 0.6615622043609619 0.2769126296043396 0.23577672243118286
0 0.06074034050107002 0.6494027376174927 0.12148068100214005 0.13991528749465942
2 0.1508518010377884 0.6259873509407043 0.05243992805480957 0.12648260593414307
1 0.1496765911579132 0.6686420440673828 0.07220420986413956 0.10496252775192261
4 0.32588499784469604 0.6186646223068237 0.01297810673713684 0.028428852558135986
0 0.2535859942436218 0.6177966594696045 0.1029604971408844 0.06809961795806885
0 0.18582694232463837 0.6241551637649536 0.06226778030395508 0.0864948034286499
0 0.43682557344436646 0.6080597639083862 0.06509837508201599 0.07287365198135376
0 0.5428749918937683 0.6063433885574341 0.03647041320800781 0.05771094560623169
0 0.2755914628505707 0.6137094497680664 0.05992232263088226 0.06042557954788208
0 0.16540515422821045 0.6274858117103577 0.10185008496046066 0.08982396125793457
0 0.3846423327922821 0.5970268845558167 0.03582191467285156 0.03392946720123291
