0 0.14319810271263123 0.6105693578720093 0.08886437118053436 0.057656824588775635
0 0.47588491439819336 0.6321092844009399 0.09927594661712646 0.13125896453857422
2 0.8181241154670715 0.602330207824707 0.03424429893493652 0.11115992069244385
0 0.31088632345199585 0.5998526811599731 0.03980126976966858 0.03205740451812744
0 0.2550886273384094 0.6010071039199829 0.041299715638160706 0.03384077548980713
0 0.04422992840409279 0.6095135807991028 0.06942851096391678 0.03257918357849121
3 0.4882272183895111 0.47567954659461975 0.009868621826171875 0.026188194751739502
0 0.3530120849609375 0.5963960886001587 0.021119117736816406 0.01712322235107422
3 0.43701106309890747 0.47556042671203613 0.010107815265655518 0.02641505002975464
3 0.30908894538879395 0.5443106889724731 0.010869532823562622 0.024683594703674316
0 0.384479820728302 0.5925883650779724 0.017713963985443115 0.017090797424316406
0 0.006330196745693684 0.60828697681427 0.012660393491387367 0.031598448753356934
