0 0.3157429099082947 0.6718668937683105 0.18367251753807068 0.22179222106933594
1 0.20053234696388245 0.6010688543319702 0.05048580467700958 0.03348958492279053
0 0.6854745149612427 0.5952492952346802 0.18862074613571167 0.10578674077987671
2 0.11616548895835876 0.6024942398071289 0.015405125916004181 0.04251021146774292
2 0.00851849839091301 0.5962127447128296 0.016999229788780212 0.08020550012588501
3 0.2927805185317993 0.428148090839386 0.01461896300315857 0.016498655080795288
2 0.1960848569869995 0.5970158576965332 0.015221923589706421 0.0402674674987793
2 0.20624075829982758 0.5984180569648743 0.014838933944702148 0.03749561309814453
2 0.11277077347040176 0.6029237508773804 0.018657058477401733 0.04210168123245239
3 0.2869398593902588 0.4356063902378082 0.026742279529571533 0.012071430683135986
1 0.1849612593650818 0.6027835011482239 0.020421579480171204 0.029641389846801758
2 0.2898969054222107 0.616636335849762 0.03308269381523132 0.03105759620666504
