3 0.7314144372940063 0.35483068227767944 0.013251841068267822 0.04523724317550659
0 0.02055344730615616 0.5974266529083252 0.04097576439380646 0.0500674843788147
0 0.19033384323120117 0.5949732065200806 0.11531171202659607 0.08246153593063354
3 0.29678744077682495 0.3101387619972229 0.017313092947006226 0.07191047072410583
3 0.7768049240112305 0.3237398862838745 0.01605236530303955 0.05175665020942688
3 0.08684569597244263 0.4543744623661041 0.01713959127664566 0.05912292003631592
0 0.39578816294670105 0.5623143315315247 0.05556440353393555 0.061327338218688965
3 0.7026678323745728 0.44921624660491943 0.011676132678985596 0.041063398122787476
3 0.22435636818408966 0.4701678156852722 0.012805700302124023 0.04313299059867859
0 0.4671686291694641 0.5651489496231079 0.09637510776519775 0.07579070329666138
0 0.004117760341614485 0.6036185622215271 0.00820451695472002 0.04829740524291992
3 0.24038609862327576 0.4792576730251312 0.009974583983421326 0.030747413635253906
3 0.238826185464859 0.47919195890426636 0.009245961904525757 0.028777390718460083
