0 0.09132347255945206 0.6669517159461975 0.18262459337711334 0.33417442440986633
0 0.9330849647521973 0.5804448127746582 0.13383007049560547 0.09755533933639526
3 0.44154584407806396 0.42489176988601685 0.008370965719223022 0.030520915985107422
0 0.3264353573322296 0.5744912624359131 0.06005603075027466 0.05620533227920532
0 0.8229725956916809 0.5728228092193604 0.10440504550933838 0.07147771120071411
0 0.41509610414505005 0.5735160112380981 0.049731433391571045 0.05125617980957031
0 0.7513871192932129 0.5673724412918091 0.07975804805755615 0.06314247846603394
0 0.6879551410675049 0.5676077604293823 0.05672872066497803 0.047818005084991455
2 0.2751268148422241 0.4193645417690277 0.02340930700302124 0.045896053314208984
2 0.23709411919116974 0.5628965497016907 0.01917886734008789 0.04568350315093994
0 0.3855934143066406 0.5575391054153442 0.018169164657592773 0.016398608684539795
0 0.6086228489875793 0.5665389895439148 0.03336906433105469 0.03404855728149414
3 0.515995979309082 0.5148921012878418 0.011035323143005371 0.026742756366729736
2 0.2043573558330536 0.567725658416748 0.016376778483390808 0.04872018098831177
2 0.21874533593654633 0.5705915093421936 0.014496326446533203 0.0430757999420166
0 0.2542015016078949 0.5586616396903992 0.027157023549079895 0.020782947540283203
0 0.49994805455207825 0.9447317123413086 0.9984839558601379 0.11053657531738281
2 0.5781605839729309 0.5589586496353149 0.01227879524230957 0.043175339698791504
