0 0.40951091051101685 0.7706650495529175 0.05498883128166199 0.06688839197158813
0 0.6236003637313843 0.7690857648849487 0.10688257217407227 0.09518104791641235
0 0.5517210960388184 0.7577629089355469 0.04113197326660156 0.04646569490432739
0 0.4853610098361969 0.7760586142539978 0.11074620485305786 0.13711977005004883
0 0.7297074794769287 0.7373137474060059 0.03559917211532593 0.02931070327758789
2 0.7948380708694458 0.7496107220649719 0.015275001525878906 0.04019641876220703
2 0.8083323240280151 0.7466486096382141 0.012933909893035889 0.037464141845703125
3 0.5140876770019531 0.6294167637825012 0.010216593742370605 0.03567790985107422
3 0.15633459389209747 0.07121492922306061 0.31266918778419495 0.1424027383327484
3 0.6753424406051636 0.6775709390640259 0.014292597770690918 0.027653515338897705
0 0.1913251280784607 0.6356732249259949 0.3826148509979248 0.6479711532592773
2 0.6868870854377747 0.7391661405563354 0.010514259338378906 0.02646005153656006
3 0.5303159356117249 0.6295761466026306 0.013534903526306152 0.01508188247680664
