2 0.22141271829605103 0.3847302198410034 0.03075246512889862 0.05472883582115173
3 0.34151530265808105 0.34066516160964966 0.011491596698760986 0.04083210229873657
3 0.5481255650520325 0.2687036097049713 0.013825297355651855 0.0478426069021225
3 0.6170148849487305 0.35622674226760864 0.019296646118164062 0.07003259658813477
3 0.13034120202064514 0.15077275037765503 0.027760103344917297 0.09365616738796234
3 0.04434797540307045 0.4364776611328125 0.014067761600017548 0.044886767864227295
3 0.6590743064880371 0.40678131580352783 0.01114732027053833 0.036394864320755005
3 0.6387264728546143 0.4064241349697113 0.011793911457061768 0.03714418411254883
3 0.44549885392189026 0.3492303490638733 0.010627388954162598 0.0409030020236969
3 0.527827799320221 0.42163437604904175 0.010159730911254883 0.03781309723854065
3 0.3586985468864441 0.3386768698692322 0.014489799737930298 0.02703264355659485
0 0.8087987899780273 0.49272674322128296 0.10850036144256592 0.07567831873893738
