0 0.4802406430244446 0.7086906433105469 0.29642200469970703 0.4979660212993622
0 0.8624153137207031 0.6557090878486633 0.27516937255859375 0.5336402654647827
4 0.009044678881764412 0.8135688900947571 0.018060188740491867 0.06938862800598145
3 0.0338095985352993 0.12373200058937073 0.02897043339908123 0.08364439755678177
2 0.7731074094772339 0.5240832567214966 0.04845398664474487 0.09605416655540466
3 0.26402750611305237 0.27781763672828674 0.022041916847229004 0.051433563232421875
3 0.06431590765714645 0.12847068905830383 0.02447473630309105 0.08409752696752548
0 0.27377235889434814 0.5083361864089966 0.06836739182472229 0.07812002301216125
3 0.6097863912582397 0.25367775559425354 0.010461390018463135 0.048133477568626404
2 0.480858713388443 0.4608491063117981 0.011306941509246826 0.030510514974594116
4 0.009219241328537464 0.781665563583374 0.01843848265707493 0.13394588232040405
0 0.6471372246742249 0.51926189661026 0.060347795486450195 0.06898891925811768
3 0.7412352561950684 0.42717742919921875 0.024315834045410156 0.029039382934570312
2 0.09324178099632263 0.5251878499984741 0.019342519342899323 0.09491041302680969
4 0.009474324993789196 0.6919041872024536 0.018887078389525414 0.3126766085624695
2 0.0755605697631836 0.5256589651107788 0.020340844988822937 0.08901482820510864
0 0.3144441843032837 0.49940991401672363 0.04334375262260437 0.053636908531188965
2 0.207291841506958 0.5081499814987183 0.02390223741531372 0.08306044340133667
2 0.012458674609661102 0.5301159024238586 0.02458789572119713 0.10386541485786438
2 0.21584706008434296 0.5034317970275879 0.01964116096496582 0.07763835787773132
3 0.16135340929031372 0.43286219239234924 0.010362371802330017 0.024758219718933105
2 0.0367765948176384 0.5348218679428101 0.025394897907972336 0.09532025456428528
3 0.16698041558265686 0.432619571685791 0.014492467045783997 0.025717079639434814
3 0.05830937996506691 0.12602129578590393 0.03711047023534775 0.08962733298540115
1 0.03417076915502548 0.5555647015571594 0.02723727375268936 0.06507241725921631
2 0.1875910460948944 0.5076950192451477 0.014549478888511658 0.08006802201271057
