0 0.05744490772485733 0.6396921873092651 0.11488310992717743 0.12641465663909912
0 0.5582040548324585 0.7194669246673584 0.32320788502693176 0.3713139295578003
0 0.13561131060123444 0.6161022186279297 0.07590983062982559 0.05380427837371826
3 0.2452659010887146 0.3814031183719635 0.02026142179965973 0.043818116188049316
0 0.770969808101654 0.5676778554916382 0.10721874237060547 0.07608014345169067
3 0.5653882026672363 0.40105247497558594 0.023253977298736572 0.03771764039993286
1 0.29382744431495667 0.611370325088501 0.019510746002197266 0.034334003925323486
3 0.6820770502090454 0.5131204128265381 0.009494781494140625 0.020020663738250732
3 0.2587205767631531 0.3838310241699219 0.015329569578170776 0.04033753275871277
0 0.5664169788360596 0.537402868270874 0.08270901441574097 0.03365373611450195
0 0.41953244805336 0.6034142971038818 0.027926325798034668 0.033250272274017334
3 0.5583595037460327 0.4015246629714966 0.013303220272064209 0.035651952028274536
0 0.27846282720565796 0.955502986907959 0.5568584203720093 0.08899402618408203
0 0.8320866823196411 0.5672314167022705 0.036971092224121094 0.1005280613899231
0 0.38730254769325256 0.6044549942016602 0.04179704189300537 0.03877830505371094
3 0.032157108187675476 0.5187268257141113 0.01138036698102951 0.03401118516921997
3 0.5615732073783875 0.4014396667480469 0.01934528350830078 0.036512166261672974
3 0.1868315488100052 0.5400592088699341 0.010635912418365479 0.017218291759490967
3 0.03352067247033119 0.5175074934959412 0.015086807310581207 0.03670123219490051
2 0.296076238155365 0.5967186689376831 0.020823419094085693 0.06274646520614624
3 0.24926501512527466 0.3814312517642975 0.026957795023918152 0.04542243480682373
