0 0.4982263743877411 0.42289215326309204 0.1526992917060852 0.23558637499809265
2 0.13637331128120422 0.3905167579650879 0.048790790140628815 0.1294165551662445
3 0.40451279282569885 0.09463740885257721 0.019633889198303223 0.06124644726514816
3 0.4159899950027466 0.09473773837089539 0.019474774599075317 0.05998308211565018
3 0.6574820280075073 0.28912559151649475 0.013534128665924072 0.03728216886520386
3 0.40981119871139526 0.09444156289100647 0.03217163681983948 0.06273653358221054
2 0.20695415139198303 0.37052401900291443 0.024435758590698242 0.07604789733886719
0 0.5853716135025024 0.3813953995704651 0.030804932117462158 0.03851109743118286
3 0.4040738344192505 0.0991339236497879 0.015370100736618042 0.0510411262512207
0 0.38430941104888916 0.37120091915130615 0.05028921365737915 0.05921611189842224
