0 0.8480796813964844 0.53352952003479 0.2126988172531128 0.1615045666694641
0 0.11521196365356445 0.5377018451690674 0.09282189607620239 0.09338849782943726
3 0.44668281078338623 0.13875633478164673 0.019742101430892944 0.08454795181751251
3 0.41778242588043213 0.1389370709657669 0.038785725831985474 0.09424471110105515
0 0.20200780034065247 0.5225311517715454 0.05638165771961212 0.06675317883491516
3 0.43949878215789795 0.13731443881988525 0.033432215452194214 0.09052642434835434
2 0.6048401594161987 0.5341495275497437 0.03685420751571655 0.19219836592674255
0 0.01774005964398384 0.5707093477249146 0.03548011928796768 0.09706014394760132
0 0.25609612464904785 0.5189011693000793 0.062159717082977295 0.07677623629570007
3 0.4076903462409973 0.12480206787586212 0.018234044313430786 0.05328550189733505
3 0.4126109182834625 0.13466127216815948 0.027322888374328613 0.08421951532363892
0 0.41407346725463867 0.5298190116882324 0.06909430027008057 0.10040721297264099
3 0.31860843300819397 0.43559741973876953 0.011855721473693848 0.01658114790916443
