2 0.047882288694381714 0.5423558354377747 0.03371308743953705 0.1338198482990265
0 0.9413942098617554 0.6505997776985168 0.11721163988113403 0.37070485949516296
3 0.35143721103668213 0.3193488121032715 0.02452954649925232 0.037375956773757935
2 0.6062410473823547 0.502918541431427 0.012521505355834961 0.043320655822753906
3 0.5054585933685303 0.29622882604599 0.011634200811386108 0.042135804891586304
3 0.16951730847358704 0.4148551821708679 0.023636862635612488 0.031974226236343384
0 0.5427806377410889 0.5041379332542419 0.024043023586273193 0.026689738035202026
0 0.7510557174682617 0.5278340578079224 0.21490061283111572 0.2152279019355774
0 0.5002561807632446 0.8946104645729065 0.999487578868866 0.210779070854187
2 0.586001992225647 0.5042998194694519 0.016956448554992676 0.044888705015182495
3 0.510615348815918 0.296151340007782 0.02184996008872986 0.045660048723220825
3 0.5163302421569824 0.29556697607040405 0.011124253273010254 0.04526779055595398
0 0.3746355175971985 0.5147261023521423 0.04666146636009216 0.04246523976325989
0 0.5012323260307312 0.5009641647338867 0.026870936155319214 0.03830277919769287
0 0.09694273769855499 0.5215511322021484 0.11576909571886063 0.08510550856590271
0 0.07736749947071075 0.5440117120742798 0.09824609756469727 0.07063639163970947
0 0.8599112033843994 0.4983743727207184 0.03154867887496948 0.05233269929885864
