2 0.958403468132019 0.5596378445625305 0.07335299253463745 0.30015698075294495
2 0.06037528067827225 0.5285571813583374 0.028583765029907227 0.12115556001663208
2 0.025750484317541122 0.5252504944801331 0.029412509873509407 0.1360456645488739
3 0.5353038907051086 0.11821718513965607 0.023181676864624023 0.07666415721178055
0 0.23538431525230408 0.5349355936050415 0.09080721437931061 0.09119147062301636
3 0.5261455178260803 0.11625468730926514 0.04130518436431885 0.08666091412305832
0 0.5642094612121582 0.5480895042419434 0.08847427368164062 0.09085351228713989
3 0.5133779048919678 0.11656871438026428 0.017898380756378174 0.08928682655096054
0 0.3301956057548523 0.5394549369812012 0.09730792045593262 0.08837947249412537
1 0.722081184387207 0.5445317625999451 0.03180009126663208 0.061389923095703125
0 0.37986093759536743 0.5314992070198059 0.047250449657440186 0.07961490750312805
