0 0.05811707302927971 0.5839563012123108 0.11623414605855942 0.14258909225463867
2 0.16965991258621216 0.5266957879066467 0.01964747905731201 0.07234764099121094
0 0.8566499948501587 0.5827364325523376 0.2867000699043274 0.7958335876464844
2 0.7383883595466614 0.5241560935974121 0.034973740577697754 0.16070374846458435
3 0.46513405442237854 0.3182687759399414 0.022589802742004395 0.043589770793914795
3 0.2574918270111084 0.26279741525650024 0.01543407142162323 0.055748000741004944
2 0.8279340267181396 0.4321218729019165 0.02531665563583374 0.0682699978351593
2 0.08148093521595001 0.5123770236968994 0.015597201883792877 0.02077430486679077
0 0.6150519847869873 0.5499395132064819 0.16079062223434448 0.2152477502822876
2 0.09599831700325012 0.5215315818786621 0.01287795603275299 0.03598850965499878
3 0.2718689441680908 0.26384133100509644 0.017255395650863647 0.05036573112010956
2 0.7748616337776184 0.47251224517822266 0.017939329147338867 0.048740774393081665
3 0.2637248933315277 0.2629621922969818 0.028508290648460388 0.05589912831783295
2 0.005966780707240105 0.5138293504714966 0.011890167370438576 0.027245521545410156
3 0.11984500288963318 0.45676636695861816 0.012844465672969818 0.02327519655227661
0 0.5131775736808777 0.5188820958137512 0.04338511824607849 0.06033039093017578
3 0.7342219352722168 0.38732707500457764 0.02165287733078003 0.03583773970603943
0 0.35402852296829224 0.5442757606506348 0.14952698349952698 0.2113090455532074
0 0.27795636653900146 0.5355604887008667 0.012378484010696411 0.0414963960647583
