3 0.63616943359375 0.105916827917099 0.019323348999023438 0.08102143555879593
0 0.6183522343635559 0.5353099703788757 0.05414450168609619 0.05984783172607422
0 0.22012630105018616 0.5452295541763306 0.11347174644470215 0.12381020188331604
0 0.4854298233985901 0.5149894952774048 0.02390870451927185 0.02712613344192505
2 0.710081160068512 0.5309180021286011 0.019722700119018555 0.06642398238182068
2 0.8330633640289307 0.5365463495254517 0.017867624759674072 0.09539774060249329
2 0.7849094271659851 0.5286879539489746 0.021284103393554688 0.08096775412559509
0 0.3447507917881012 0.5252610445022583 0.03493642807006836 0.054166972637176514
0 0.3850429654121399 0.516269862651825 0.03958415985107422 0.042956918478012085
2 0.7694497108459473 0.5291549563407898 0.016765952110290527 0.0928620994091034
2 0.6471114754676819 0.5219764709472656 0.014990091323852539 0.060314029455184937
