0 0.8671510815620422 0.5548487901687622 0.2656978368759155 0.35546839237213135
0 0.7078543901443481 0.4711267054080963 0.1690095067024231 0.18060237169265747
0 0.5019834041595459 0.45204126834869385 0.10925906896591187 0.15075311064720154
0 0.1098979115486145 0.48413217067718506 0.2197946310043335 0.3817945718765259
3 0.27448493242263794 0.1377086639404297 0.02134084701538086 0.05457343906164169
3 0.5450666546821594 0.202583909034729 0.020395278930664062 0.044649407267570496
3 0.29488182067871094 0.13842026889324188 0.022819995880126953 0.05724024027585983
0 0.3878328800201416 0.4306561350822449 0.08118563890457153 0.09178897738456726
3 0.5308980941772461 0.20356662571430206 0.015284538269042969 0.03898635506629944
3 0.5392568111419678 0.20236699283123016 0.028002798557281494 0.0450284481048584
0 0.4996035099029541 0.87627774477005 0.9989020824432373 0.24720287322998047
