2 0.48434585332870483 0.6385736465454102 0.0370841920375824 0.21369820833206177
0 0.7707672119140625 0.5970243811607361 0.08724290132522583 0.06314325332641602
2 0.4225894510746002 0.612682580947876 0.016816794872283936 0.0655929446220398
0 0.6813116073608398 0.5974465608596802 0.10942047834396362 0.07744234800338745
3 0.28336554765701294 0.31251060962677 0.02688199281692505 0.07395726442337036
3 0.6028669476509094 0.46501922607421875 0.02447807788848877 0.0386711061000824
0 0.08471007645130157 0.6246947050094604 0.08287757635116577 0.10189896821975708
0 0.6004992723464966 0.6088624596595764 0.06007516384124756 0.06619298458099365
3 0.26004141569137573 0.3085373640060425 0.019658774137496948 0.06366023421287537
2 0.9857003688812256 0.607168972492218 0.028599321842193604 0.5798683166503906
0 0.30125460028648376 0.6236355304718018 0.05479621887207031 0.07019561529159546
3 0.2707538306713104 0.3121577203273773 0.0398249626159668 0.07209587097167969
3 0.6276535391807556 0.4600974917411804 0.026932716369628906 0.0416923463344574
0 0.25450533628463745 0.60198575258255 0.01462574303150177 0.016923904418945312
