2 0.06999961286783218 0.5506166219711304 0.11983545124530792 0.42275339365005493
0 0.9046205282211304 0.4670845866203308 0.19075888395309448 0.1340889036655426
0 0.20778220891952515 0.5156844854354858 0.2606976628303528 0.26038113236427307
2 0.11128999292850494 0.390034556388855 0.018185541033744812 0.0700238049030304
0 0.4767109155654907 0.49122297763824463 0.2490863800048828 0.38743022084236145
2 0.08788994699716568 0.39375895261764526 0.01968821883201599 0.06613317131996155
3 0.5027957558631897 0.09194863587617874 0.01887953281402588 0.06280480325222015
0 0.5850319862365723 0.3529996871948242 0.02242833375930786 0.03802281618118286
3 0.018033530563116074 0.03442390635609627 0.03604575991630554 0.06884781271219254
3 0.5176571011543274 0.0953856036067009 0.014499425888061523 0.056040048599243164
0 0.19113843142986298 0.3813439607620239 0.05495023727416992 0.020463377237319946
3 0.5110812187194824 0.09225018322467804 0.028561949729919434 0.062178973108530045
