3 0.3122524321079254 0.2727448046207428 0.02010136842727661 0.07612551748752594
2 0.9764077663421631 0.5978946685791016 0.047184526920318604 0.21674633026123047
2 0.6909074783325195 0.5826059579849243 0.028859436511993408 0.10724145174026489
2 0.7254784107208252 0.5838298797607422 0.02462136745452881 0.10579431056976318
0 0.4146796464920044 0.5537627339363098 0.04245749115943909 0.06305670738220215
2 0.5641847848892212 0.5799247026443481 0.020103275775909424 0.04442155361175537
2 0.9432188272476196 0.5811241865158081 0.02361220121383667 0.09127587080001831
2 0.26878756284713745 0.5392671823501587 0.019575685262680054 0.07323437929153442
2 0.757170557975769 0.5867814421653748 0.03325742483139038 0.10954761505126953
2 0.7844433784484863 0.587764322757721 0.0188329815864563 0.10451674461364746
2 0.2813721299171448 0.5420344471931458 0.01620882749557495 0.04665505886077881
