0 0.4851662218570709 0.5610644221305847 0.27361029386520386 0.343658447265625
0 0.18116064369678497 0.45975762605667114 0.16011759638786316 0.14554569125175476
0 0.8261759281158447 0.46523886919021606 0.0957522988319397 0.06070154905319214
3 0.8262166976928711 0.2925379276275635 0.025475680828094482 0.06662577390670776
0 0.70998215675354 0.4591341018676758 0.04070359468460083 0.0482734739780426
3 0.36307865381240845 0.24788694083690643 0.01371505856513977 0.049844831228256226
3 0.4925462007522583 0.21620959043502808 0.013415902853012085 0.051790639758110046
3 0.656473696231842 0.35929080843925476 0.018017888069152832 0.028768062591552734
0 0.7649825811386108 0.4603845477104187 0.07260674238204956 0.05226573348045349
3 0.6741278767585754 0.2824245095252991 0.015027046203613281 0.038816899061203
3 0.50672447681427 0.21579837799072266 0.01314312219619751 0.053469568490982056
3 0.9947812557220459 0.36921054124832153 0.010437548160552979 0.042676448822021484
4 0.022023942321538925 0.46190211176872253 0.016272172331809998 0.03294229507446289
3 0.49973487854003906 0.21648867428302765 0.027999132871627808 0.053851932287216187
3 0.8642269372940063 0.3449617922306061 0.017905592918395996 0.03493154048919678
