0 0.739296555519104 0.555968701839447 0.16747206449508667 0.16589298844337463
2 0.13949349522590637 0.522472083568573 0.023306801915168762 0.08817502856254578
2 0.8842287063598633 0.5014573931694031 0.028258323669433594 0.1342582404613495
0 0.920189380645752 0.6772897839546204 0.1596212387084961 0.4586712121963501
3 0.10013562440872192 0.3270686864852905 0.02135498821735382 0.0744994580745697
0 0.5156724452972412 0.545861542224884 0.13044199347496033 0.18767711520195007
0 0.08252020925283432 0.5220494270324707 0.16504041850566864 0.09301787614822388
3 0.959934651851654 0.22195273637771606 0.016651153564453125 0.06801266968250275
2 0.8285579681396484 0.4922097325325012 0.021022021770477295 0.08668708801269531
2 0.1206798106431961 0.527289867401123 0.04252391308546066 0.07103750109672546
2 0.3271207809448242 0.5076096653938293 0.011503040790557861 0.05301991105079651
