2 0.7118299603462219 0.5120136141777039 0.03443789482116699 0.11852416396141052
3 0.7516670227050781 0.3882383704185486 0.023956000804901123 0.03582867980003357
3 0.6718683242797852 0.07189387083053589 0.029253780841827393 0.11818671226501465
0 0.35022589564323425 0.49079757928848267 0.06785273551940918 0.09527722001075745
3 0.06552235037088394 0.3676300048828125 0.011430740356445312 0.031985580921173096
3 0.6420755386352539 0.07247687876224518 0.03438758850097656 0.13139894604682922
3 0.09601126611232758 0.27821603417396545 0.01590602844953537 0.04234457015991211
3 0.7913092374801636 0.2840670645236969 0.017342090606689453 0.05458718538284302
4 0.16605588793754578 0.5016376376152039 0.013382479548454285 0.04197379946708679
4 0.15073421597480774 0.505967915058136 0.02000713348388672 0.042206764221191406
0 0.46289342641830444 0.4721434712409973 0.024312704801559448 0.021068185567855835
3 0.6413813829421997 0.055603042244911194 0.031826794147491455 0.10175299644470215
4 0.40637195110321045 0.5056487321853638 0.016199856996536255 0.033389270305633545
3 0.6554423570632935 0.0714697614312172 0.061769187450408936 0.1368848830461502
3 0.07101981341838837 0.3684079647064209 0.01779698207974434 0.03473168611526489
3 0.09573308378458023 0.29001033306121826 0.017705708742141724 0.06512662768363953
