2 0.8827049732208252 0.4772419333457947 0.02544480562210083 0.11485430598258972
2 0.773431122303009 0.45889347791671753 0.0203019380569458 0.07669809460639954
2 0.7390820384025574 0.4626440405845642 0.026162147521972656 0.0948953926563263
2 0.8302019238471985 0.4556981921195984 0.028321027755737305 0.08626958727836609
3 0.2322452962398529 0.02904784306883812 0.03189153969287872 0.05801606923341751
0 0.40770941972732544 0.4420781135559082 0.0748654305934906 0.09625700116157532
0 0.3268512189388275 0.43236780166625977 0.06178927421569824 0.07554301619529724
2 0.265499472618103 0.4248470664024353 0.018136709928512573 0.07370015978813171
2 0.9902007579803467 0.4900617003440857 0.019598543643951416 0.17877009510993958
2 0.9852349758148193 0.48902806639671326 0.029530107975006104 0.17894858121871948
2 0.08121241629123688 0.4314309358596802 0.043222878128290176 0.1391344964504242
2 0.15257281064987183 0.4318494200706482 0.02265171706676483 0.10852232575416565
2 0.2524131238460541 0.42337238788604736 0.017586514353752136 0.0679858922958374
2 0.9927666783332825 0.48517045378685 0.014466643333435059 0.16675204038619995
0 0.35589081048965454 0.4218730330467224 0.043772369623184204 0.06444957852363586
