2 0.7937334179878235 0.5732482671737671 0.039169907569885254 0.09233176708221436
3 0.23068925738334656 0.24774101376533508 0.015461578965187073 0.06098543107509613
2 0.10893622040748596 0.5763071179389954 0.024578861892223358 0.07918763160705566
2 0.16574913263320923 0.5535796284675598 0.015313580632209778 0.06327176094055176
0 0.2725502848625183 0.5747986435890198 0.10892733931541443 0.10355782508850098
3 0.8355825543403625 0.17374885082244873 0.021565675735473633 0.07908058166503906
3 0.8568848371505737 0.16832587122917175 0.01999741792678833 0.07999853789806366
1 0.10523529350757599 0.6019895076751709 0.035069458186626434 0.0400814414024353
3 0.6354154348373413 0.49354326725006104 0.011335432529449463 0.01645985245704651
3 0.8625459671020508 0.1676793098449707 0.03133279085159302 0.07887957990169525
3 0.8433912396430969 0.17020338773727417 0.036176323890686035 0.08651773631572723
