0 0.9362366199493408 0.47969865798950195 0.12752676010131836 0.16250857710838318
2 0.017925690859556198 0.36588871479034424 0.0319373682141304 0.05202743411064148
2 0.3029005825519562 0.43208909034729004 0.031154751777648926 0.12697285413742065
3 0.7575252056121826 0.17643600702285767 0.016884982585906982 0.06681163609027863
2 0.6266730427742004 0.46097618341445923 0.03138852119445801 0.12056043744087219
0 0.49989721179008484 0.8320803046226501 0.9997400641441345 0.3353300094604492
2 0.27205920219421387 0.4361194670200348 0.020817577838897705 0.07384538650512695
0 0.47361886501312256 0.4494272470474243 0.07763150334358215 0.1170819103717804
2 0.7299066781997681 0.4613962769508362 0.034523963928222656 0.1501924693584442
0 0.561625599861145 0.45656901597976685 0.058685898780822754 0.0866294801235199
2 0.6027913093566895 0.4483451843261719 0.0246618390083313 0.0857086181640625
3 0.7418237924575806 0.3310154974460602 0.025101840496063232 0.03809630870819092
2 0.7679804563522339 0.4680061936378479 0.044049739837646484 0.1477777659893036
3 0.742516279220581 0.3323933482170105 0.019231677055358887 0.03135651350021362
3 0.735335111618042 0.33245837688446045 0.011453449726104736 0.028737753629684448
3 0.7391525506973267 0.33389824628829956 0.020412147045135498 0.03509894013404846
0 0.5435872077941895 0.43903303146362305 0.045082271099090576 0.06993705034255981
3 0.7460120916366577 0.331714928150177 0.0330851674079895 0.04293051362037659
0 0.1337762027978897 0.4082835912704468 0.2675524055957794 0.25142040848731995
