0 0.19578638672828674 0.35818222165107727 0.0921221673488617 0.051719605922698975
2 0.7023352384567261 0.39564335346221924 0.01312333345413208 0.05233675241470337
3 0.3721159100532532 0.07960279285907745 0.029977470636367798 0.07636628299951553
2 0.27825430035591125 0.36617225408554077 0.011787474155426025 0.046189695596694946
2 0.6347469091415405 0.39077967405319214 0.011007487773895264 0.040893763303756714
0 0.43664222955703735 0.3908360004425049 0.04591283202171326 0.06219607591629028
2 0.30706483125686646 0.36086344718933105 0.014073371887207031 0.033079713582992554
3 0.866222620010376 0.32735639810562134 0.024957239627838135 0.03486353158950806
3 0.6350491046905518 0.13566789031028748 0.012008965015411377 0.05073066055774689
2 0.3439050316810608 0.36823931336402893 0.01127701997756958 0.031001687049865723
2 0.364235520362854 0.3722721338272095 0.010914534330368042 0.029017716646194458
0 0.46667569875717163 0.37436774373054504 0.01893100142478943 0.025679171085357666
