0 0.8618062734603882 0.45802226662635803 0.1829097867012024 0.10964363813400269
0 0.041588567197322845 0.4257614314556122 0.08317713439464569 0.14222955703735352
3 0.3668440878391266 0.13230228424072266 0.02211761474609375 0.07188668847084045
3 0.011264054104685783 0.16691502928733826 0.01708909496665001 0.060219720005989075
2 0.6312877535820007 0.44639408588409424 0.024745941162109375 0.10454517602920532
3 0.3875988721847534 0.13665872812271118 0.017804235219955444 0.06608019769191742
0 0.9809691905975342 0.5254587531089783 0.03806161880493164 0.1864023506641388
3 0.8204363584518433 0.1435873806476593 0.07270127534866333 0.05099515616893768
0 0.5520595908164978 0.4271119236946106 0.05494117736816406 0.0442909300327301
4 0.5357855558395386 0.47151684761047363 0.016137897968292236 0.03977268934249878
