0 0.4748258590698242 0.5404932498931885 0.1349407136440277 0.1890726089477539
0 0.11839908361434937 0.4999088644981384 0.07004937529563904 0.05938151478767395
0 0.05011707544326782 0.5017605423927307 0.09789443016052246 0.08258220553398132
2 0.5756232738494873 0.5098352432250977 0.032965779304504395 0.12934112548828125
2 0.5975795984268188 0.5091779232025146 0.027475953102111816 0.13536781072616577
0 0.01247578114271164 0.5114904046058655 0.02495156228542328 0.09910345077514648
0 0.17332005500793457 0.48711395263671875 0.061394885182380676 0.06210002303123474
3 0.7046271562576294 0.3792957067489624 0.031795382499694824 0.03976702690124512
2 0.034322936087846756 0.4568132162094116 0.012732936069369316 0.019049733877182007
3 0.709942102432251 0.37947511672973633 0.02016979455947876 0.03239011764526367
3 0.7082157135009766 0.37877386808395386 0.01419830322265625 0.028840631246566772
2 0.10064627975225449 0.4623314142227173 0.013523101806640625 0.024116605520248413
3 0.45421046018600464 0.16323429346084595 0.013714700937271118 0.06328484416007996
