0 0.7658194303512573 0.5558594465255737 0.11572223901748657 0.05942457914352417
3 0.40412405133247375 0.3526059687137604 0.012436509132385254 0.046434104442596436
3 0.4737321436405182 0.34993553161621094 0.01267784833908081 0.046726733446121216
0 0.024457765743136406 0.6171963810920715 0.04891553148627281 0.29998207092285156
0 0.10763829201459885 0.5787094235420227 0.2152765840291977 0.2243938446044922
0 0.5502774715423584 0.5262776017189026 0.036783039569854736 0.04860210418701172
3 0.7817096710205078 0.4131582975387573 0.015608608722686768 0.0564594566822052
3 0.8046852350234985 0.42274990677833557 0.014705300331115723 0.034983158111572266
0 0.38416004180908203 0.5245229005813599 0.03431996703147888 0.040732383728027344
0 0.4728882908821106 0.5488458871841431 0.06566217541694641 0.09526962041854858
