2 0.876965343952179 0.3653176426887512 0.020895004272460938 0.08764830231666565
0 0.053307510912418365 0.4072312116622925 0.10661502182483673 0.08715221285820007
2 0.28602659702301025 0.37731611728668213 0.018683135509490967 0.06973657011985779
2 0.8524278402328491 0.3644273579120636 0.022552907466888428 0.0925244688987732
3 0.6644853353500366 0.1239047572016716 0.015271365642547607 0.05032266676425934
3 0.34715238213539124 0.02616068720817566 0.027179419994354248 0.05212489515542984
0 0.4003522992134094 0.39248156547546387 0.06240731477737427 0.06542032957077026
2 0.36459866166114807 0.374658465385437 0.02103978395462036 0.041098833084106445
0 0.6546373963356018 0.38369616866111755 0.07493996620178223 0.08808469772338867
0 0.011446232907474041 0.5638377666473389 0.022892465814948082 0.23370489478111267
2 0.46343690156936646 0.3771374225616455 0.01683560013771057 0.07360047101974487
3 0.3425869941711426 0.02474934048950672 0.019899308681488037 0.04949868097901344
0 0.6872799396514893 0.37123751640319824 0.03307229280471802 0.06315889954566956
