2 0.9598238468170166 0.42789411544799805 0.0803523063659668 0.3528003394603729
0 0.8353289365768433 0.4101499915122986 0.08130127191543579 0.06917884945869446
0 0.77516108751297 0.3959347605705261 0.05891728401184082 0.056583940982818604
3 0.933314323425293 0.1248059794306755 0.01979672908782959 0.06957922875881195
2 0.5769124031066895 0.3591887950897217 0.03379535675048828 0.10803738236427307
2 0.6976272463798523 0.37238478660583496 0.036110877990722656 0.12050104141235352
2 0.05218864232301712 0.3295362889766693 0.04095342382788658 0.13616204261779785
2 0.8875044584274292 0.40798401832580566 0.021580874919891357 0.06649342179298401
0 0.4371441602706909 0.32715147733688354 0.04259023070335388 0.03371533751487732
3 0.5013371706008911 0.16144733130931854 0.01571372151374817 0.0717858076095581
2 0.9103437662124634 0.4108707904815674 0.018442511558532715 0.056623369455337524
2 0.2522093951702118 0.322552353143692 0.02463074028491974 0.09983724355697632
2 0.21714487671852112 0.31644731760025024 0.027783960103988647 0.12352782487869263
2 0.1101367175579071 0.3187692165374756 0.038475848734378815 0.14670835435390472
0 0.5 0.8499714136123657 1.0 0.30005717277526855
0 0.5150381326675415 0.3366248309612274 0.04711073637008667 0.038230180740356445
2 0.6583983898162842 0.36600908637046814 0.017629802227020264 0.0398564338684082
