0 0.8042970895767212 0.755473256111145 0.39140576124191284 0.34854990243911743
2 0.154291033744812 0.5677611231803894 0.02064920961856842 0.07680273056030273
3 0.41085514426231384 0.3847915530204773 0.020184993743896484 0.03955358266830444
0 0.06993875652551651 0.6184165477752686 0.13987751305103302 0.21045666933059692
0 0.5958986282348633 0.6460946798324585 0.1604202389717102 0.1849692463874817
0 0.974358320236206 0.8532562255859375 0.05128335952758789 0.2934874892234802
3 0.24824851751327515 0.3480715751647949 0.0249212384223938 0.04710379242897034
3 0.2423195242881775 0.3483740985393524 0.014853611588478088 0.04605579376220703
0 0.4486372172832489 0.9710370302200317 0.7451427578926086 0.0579259991645813
3 0.2548215091228485 0.3483566641807556 0.012549594044685364 0.04660719633102417
0 0.011616683565080166 0.6626819372177124 0.02323336713016033 0.23336774110794067
