0 0.8424978256225586 0.6091942191123962 0.31436824798583984 0.2860940992832184
3 0.7203037738800049 0.13540753722190857 0.0389561653137207 0.08793731778860092
0 0.022928399965167046 0.4816684424877167 0.04579813405871391 0.09367936849594116
0 0.14081931114196777 0.46217504143714905 0.04743048548698425 0.0459517240524292
0 0.5000762939453125 0.8964024782180786 0.999847412109375 0.20719510316848755
0 0.7126491069793701 0.5048450827598572 0.08216410875320435 0.07493820786476135
3 0.8561830520629883 0.38367214798927307 0.022570788860321045 0.03600513935089111
2 0.20625954866409302 0.449324369430542 0.009924516081809998 0.03173893690109253
3 0.27161240577697754 0.2608240842819214 0.01136365532875061 0.01755768060684204
0 0.4527597725391388 0.5126553177833557 0.15358752012252808 0.24650442600250244
0 0.5555781126022339 0.46666374802589417 0.02858555316925049 0.03478735685348511
0 0.06151220202445984 0.46992284059524536 0.05947667360305786 0.06201803684234619
0 0.10490727424621582 0.4691428244113922 0.04101034253835678 0.046174824237823486
3 0.2713227868080139 0.2498411238193512 0.013872921466827393 0.042086079716682434
2 0.8175195455551147 0.45359504222869873 0.011811435222625732 0.02706506848335266
3 0.7134516835212708 0.1335686445236206 0.025469541549682617 0.08390536159276962
