0 0.092040054500103 0.6955448389053345 0.18351905047893524 0.17364561557769775
3 0.4617946743965149 0.3204946517944336 0.013226896524429321 0.05870667099952698
4 0.4428481161594391 0.6832752227783203 0.010413169860839844 0.02442246675491333
0 0.6496174931526184 0.658001184463501 0.04066801071166992 0.028791964054107666
3 0.8413280248641968 0.3020027279853821 0.021475255489349365 0.07394757866859436
3 0.8638010025024414 0.2975945472717285 0.022973239421844482 0.07964330911636353
2 0.27114933729171753 0.6749067306518555 0.03455135226249695 0.1180923581123352
0 0.3337860703468323 0.6574006080627441 0.05408027768135071 0.07772129774093628
3 0.024292487651109695 0.4542157053947449 0.01673160307109356 0.035354405641555786
0 0.5214487314224243 0.6557987332344055 0.03248274326324463 0.04761695861816406
0 0.4816967248916626 0.6599369049072266 0.03168019652366638 0.03850752115249634
0 0.36767297983169556 0.6576566696166992 0.027032285928726196 0.04690784215927124
3 0.5636541843414307 0.5839153528213501 0.011393964290618896 0.013736903667449951
4 0.442823588848114 0.6779869794845581 0.01167413592338562 0.03526461124420166
3 0.02363947033882141 0.46762847900390625 0.017882168292999268 0.06388187408447266
3 0.8522125482559204 0.3001250624656677 0.04367673397064209 0.07976141571998596
