1 0.8797567486763 0.666732907295227 0.05656933784484863 0.07338505983352661
0 0.6393245458602905 0.6360102891921997 0.11909526586532593 0.12772434949874878
3 0.17405638098716736 0.34206366539001465 0.019832953810691833 0.05284595489501953
2 0.7536392211914062 0.6275144815444946 0.01915818452835083 0.07301390171051025
0 0.48326921463012695 0.5982097387313843 0.026300817728042603 0.03790813684463501
3 0.05640468746423721 0.44165194034576416 0.012874994426965714 0.05112382769584656
0 0.9709561467170715 0.6756938695907593 0.058087706565856934 0.12758749723434448
0 0.4436109662055969 0.5902682542800903 0.022352606058120728 0.03827160596847534
3 0.159751296043396 0.34163013100624084 0.014306977391242981 0.04686594009399414
0 0.9809222221374512 0.6791866421699524 0.03815561532974243 0.11396348476409912
