0 0.1450505554676056 0.5782108306884766 0.2900482416152954 0.3458055257797241
3 0.5153864622116089 0.067755788564682 0.01743137836456299 0.07439330965280533
2 0.5473721027374268 0.4631490707397461 0.06317806243896484 0.20169886946678162
3 0.6281294226646423 0.09708550572395325 0.016973018646240234 0.061314113438129425
0 0.2156553566455841 0.4604743421077728 0.12853117287158966 0.09626263380050659
3 0.5378167629241943 0.0676243007183075 0.019084393978118896 0.07207530736923218
0 0.9050388336181641 0.5148049592971802 0.18992233276367188 0.6066589951515198
3 0.6464550495147705 0.09781000018119812 0.01486736536026001 0.05752751976251602
0 0.500081479549408 0.8712258338928223 0.9998370409011841 0.25754839181900024
1 0.5485243797302246 0.5183255672454834 0.06426352262496948 0.13173240423202515
3 0.6369930505752563 0.09746696054935455 0.03432255983352661 0.06192171573638916
