0 0.7696260213851929 0.5070001482963562 0.24772804975509644 0.14711090922355652
2 0.306173712015152 0.4441292881965637 0.02188551425933838 0.08221453428268433
0 0.4980250895023346 0.8745908141136169 0.9960501790046692 0.2508183717727661
3 0.6769706606864929 0.08255144953727722 0.0511775016784668 0.09303566813468933
3 0.3341720700263977 0.3044425845146179 0.020668476819992065 0.035944193601608276
0 0.5558937191963196 0.47091448307037354 0.06710469722747803 0.06560686230659485
3 0.6910169720649719 0.0882263034582138 0.024179458618164062 0.08112131804227829
0 0.9514050483703613 0.49996447563171387 0.09718990325927734 0.09980663657188416
0 0.654717743396759 0.47068482637405396 0.10637688636779785 0.11001646518707275
2 0.323039710521698 0.4405524730682373 0.01722213625907898 0.0643046498298645
3 0.3383256793022156 0.3046177923679352 0.028896719217300415 0.042199909687042236
3 0.6610240936279297 0.08315521478652954 0.019930660724639893 0.08606293052434921
3 0.8526886701583862 0.35352006554603577 0.020785152912139893 0.03282266855239868
3 0.6694891452789307 0.0831146314740181 0.03705090284347534 0.09042240679264069
0 0.4983329772949219 0.4606431722640991 0.033294081687927246 0.053615957498550415
