2 0.6253862380981445 0.6158149838447571 0.02958756685256958 0.1452314853668213
2 0.829212486743927 0.653580367565155 0.08698368072509766 0.3296571671962738
0 0.38950079679489136 0.6362679600715637 0.1194191575050354 0.16211295127868652
3 0.22431457042694092 0.37021389603614807 0.015372321009635925 0.04382067918777466
3 0.20861458778381348 0.3696814775466919 0.015032291412353516 0.04168418049812317
3 0.4345945417881012 0.3166773319244385 0.01928699016571045 0.05244573950767517
0 0.6333716511726379 0.6086397171020508 0.10378646850585938 0.05603158473968506
3 0.21125538647174835 0.36946940422058105 0.019628465175628662 0.043880611658096313
3 0.4175184965133667 0.31505781412124634 0.021272927522659302 0.0532321035861969
0 0.49822330474853516 0.9578242301940918 0.9964466094970703 0.08420294523239136
0 0.3259000778198242 0.6040233969688416 0.05365905165672302 0.0563817024230957
3 0.22151906788349152 0.3692325949668884 0.01992526650428772 0.046184152364730835
0 0.1803048849105835 0.5574170351028442 0.18093174695968628 0.16859018802642822
