0 0.529140055179596 0.5609572529792786 0.31469812989234924 0.3993999660015106
0 0.08804544806480408 0.48159849643707275 0.17603641748428345 0.26895907521247864
3 0.5120563507080078 0.10281690955162048 0.031526654958724976 0.06652862578630447
2 0.6571254730224609 0.4414791464805603 0.029574215412139893 0.12942123413085938
3 0.227533221244812 0.19377759099006653 0.017804905772209167 0.05076698958873749
0 0.498154878616333 0.8809800148010254 0.9960267543792725 0.238040030002594
2 0.698397159576416 0.430764764547348 0.01969015598297119 0.08824014663696289
3 0.2461056262254715 0.1943608522415161 0.020603567361831665 0.047301724553108215
2 0.19823908805847168 0.42218273878097534 0.01700076460838318 0.06638070940971375
0 0.9706536531448364 0.44898200035095215 0.058692753314971924 0.0687820315361023
2 0.16683810949325562 0.4225425720214844 0.016434475779533386 0.059308260679244995
0 0.7332280278205872 0.43886756896972656 0.09071755409240723 0.07248800992965698
3 0.831852912902832 0.3557734489440918 0.029259324073791504 0.045228660106658936
0 0.9641191959381104 0.44289103150367737 0.07054942846298218 0.067047119140625
2 0.636872410774231 0.4307062327861786 0.019022643566131592 0.08472251892089844
2 0.35285550355911255 0.422682523727417 0.01521959900856018 0.046819597482681274
3 0.5972657203674316 0.3519020080566406 0.013583958148956299 0.023799121379852295
0 0.8065472841262817 0.43585893511772156 0.1527484655380249 0.08331793546676636
