0 0.3700979948043823 0.5953167676925659 0.23478582501411438 0.36763936281204224
0 0.05724794790148735 0.6509973406791687 0.1144958958029747 0.35990259051322937
2 0.2434292435646057 0.49757683277130127 0.03638209402561188 0.12831953167915344
2 0.008219722658395767 0.4558207392692566 0.016412369906902313 0.07336309552192688
3 0.5214138031005859 0.15940052270889282 0.013593494892120361 0.05905832350254059
2 0.17641229927539825 0.4589599668979645 0.018901526927947998 0.07626545429229736
0 0.8584747314453125 0.7256819009780884 0.28292620182037354 0.36848604679107666
3 0.2813079357147217 0.2103981077671051 0.033925920724868774 0.05206650495529175
2 0.16553902626037598 0.4643750786781311 0.013205558061599731 0.062116533517837524
0 0.686379075050354 0.5861489772796631 0.2917369604110718 0.29104846715927124
3 0.274048388004303 0.2095247358083725 0.021664083003997803 0.05073556303977966
0 0.8414719104766846 0.47351503372192383 0.08821141719818115 0.07130250334739685
1 0.24248313903808594 0.5415283441543579 0.03779792785644531 0.10554999113082886
2 0.152849018573761 0.45741796493530273 0.02451905608177185 0.061291515827178955
3 0.13843940198421478 0.37395554780960083 0.013855218887329102 0.023752838373184204
3 0.5355216264724731 0.16067010164260864 0.014704763889312744 0.05772407352924347
3 0.7359410524368286 0.35185927152633667 0.02648031711578369 0.03959807753562927
0 0.5000928640365601 0.90013587474823 0.9994041323661804 0.19972819089889526
3 0.2880271077156067 0.21060490608215332 0.020526111125946045 0.050744056701660156
2 0.01127389445900917 0.4588020443916321 0.0224665068089962 0.0814703106880188
