0 0.05978202447295189 0.500180184841156 0.11803864687681198 0.10317900776863098
2 0.8555711507797241 0.46822014451026917 0.02975386381149292 0.10571843385696411
2 0.14441104233264923 0.47726431488990784 0.01748347282409668 0.06131094694137573
0 0.7736867666244507 0.5399786233901978 0.18915516138076782 0.20797958970069885
3 0.40231722593307495 0.3757033348083496 0.011936098337173462 0.022964298725128174
0 0.2251548320055008 0.48372936248779297 0.06644967198371887 0.06347820162773132
0 0.26794910430908203 0.4801390767097473 0.049115583300590515 0.0550367534160614
2 0.16980278491973877 0.4769470691680908 0.012176841497421265 0.0477888286113739
0 0.6719279885292053 0.5140297412872314 0.08091568946838379 0.1361452043056488
3 0.5303786993026733 0.3839681148529053 0.008051097393035889 0.021652132272720337
2 0.16957567632198334 0.4687511920928955 0.012414693832397461 0.032670676708221436
0 0.36512547731399536 0.4743981957435608 0.06445834040641785 0.07819414138793945
