3 0.5938736200332642 0.21608459949493408 0.02318286895751953 0.07070080935955048
0 0.08500084280967712 0.6232364177703857 0.16997316479682922 0.3147457242012024
0 0.8565559387207031 0.5472210049629211 0.12820875644683838 0.08156466484069824
2 0.8689777851104736 0.565588116645813 0.026305973529815674 0.1256595253944397
2 0.5802773833274841 0.49819135665893555 0.011784076690673828 0.044030189514160156
3 0.05319077521562576 0.2679896950721741 0.019126370549201965 0.05153517425060272
2 0.5572980046272278 0.4950343668460846 0.011545896530151367 0.035975635051727295
0 0.960723340511322 0.5661979913711548 0.07820892333984375 0.12010067701339722
0 0.40643197298049927 0.5558116436004639 0.1342872679233551 0.20198863744735718
4 0.5630182027816772 0.5385619401931763 0.011007130146026611 0.03186088800430298
3 0.7865618467330933 0.36670225858688354 0.0410691499710083 0.024859219789505005
0 0.511054515838623 0.49685025215148926 0.05142629146575928 0.05209767818450928
3 0.06813269108533859 0.2656516432762146 0.016701821237802505 0.057522356510162354
3 0.04994092881679535 0.26795604825019836 0.014237575232982635 0.051185742020606995
0 0.17846769094467163 0.5156497359275818 0.08291779458522797 0.07588931918144226
