3 0.07694581151008606 0.2902818024158478 0.03134649246931076 0.09150786697864532
0 0.41239508986473083 0.9313794374465942 0.8242214322090149 0.1372411847114563
3 0.8319864273071289 0.4180128276348114 0.014996349811553955 0.026262283325195312
3 0.08289340883493423 0.289654940366745 0.019435137510299683 0.09151841700077057
0 0.052271485328674316 0.7679221630096436 0.10454297065734863 0.3561561703681946
0 0.9568586349487305 0.5555785298347473 0.08628273010253906 0.09536910057067871
3 0.06249741464853287 0.4097111225128174 0.03121025860309601 0.050654977560043335
0 0.723693311214447 0.5845695734024048 0.1436614990234375 0.20476454496383667
0 0.41818392276763916 0.5615032315254211 0.057873934507369995 0.07732748985290527
0 0.908530056476593 0.5433729887008667 0.056626081466674805 0.06802380084991455
3 0.9344261884689331 0.4394420385360718 0.009556949138641357 0.027236074209213257
3 0.08448787033557892 0.4132685363292694 0.07440420985221863 0.062270164489746094
0 0.8316665887832642 0.5501174926757812 0.08305013179779053 0.10246488451957703
0 0.9936949014663696 0.5783439874649048 0.012610256671905518 0.1368667483329773
3 0.21690988540649414 0.4718262553215027 0.016581624746322632 0.03840944170951843
