0 0.5352327227592468 0.4921257495880127 0.2329683005809784 0.33587148785591125
3 0.630475640296936 0.11371014267206192 0.0198858380317688 0.0745820552110672
2 0.7487151622772217 0.42744743824005127 0.031945645809173584 0.09942644834518433
0 0.14642424881458282 0.44651108980178833 0.2928023636341095 0.3615722954273224
3 0.7231396436691284 0.26810264587402344 0.017589032649993896 0.06580725312232971
3 0.8547487258911133 0.24224182963371277 0.018918216228485107 0.0414554625749588
3 0.8556241393089294 0.2530279755592346 0.019866943359375 0.06633910536766052
0 0.4091390371322632 0.4028016924858093 0.05832216143608093 0.07454708218574524
0 0.6762765049934387 0.4255494177341461 0.1202843189239502 0.19287723302841187
3 0.8676358461380005 0.33121246099472046 0.015007972717285156 0.028108924627304077
2 0.7684985399246216 0.21984882652759552 0.02817314863204956 0.08566591143608093
0 0.49984845519065857 0.8498415946960449 0.9996969103813171 0.2999616861343384
