1 0.7685714960098267 0.6672083139419556 0.18921011686325073 0.21220368146896362
2 0.7720556259155273 0.582673966884613 0.08786290884017944 0.29509422183036804
2 0.96758633852005 0.5213529467582703 0.04436802864074707 0.20600101351737976
0 0.056491829454898834 0.7355474233627319 0.11296907067298889 0.28193122148513794
0 0.49159252643585205 0.6394590139389038 0.1570012867450714 0.18040066957473755
3 0.6728869080543518 0.16296255588531494 0.029505014419555664 0.10582289099693298
0 0.17272479832172394 0.6322603225708008 0.0899534821510315 0.11016476154327393
2 0.6165631413459778 0.5490642786026001 0.02488112449645996 0.09772807359695435
3 0.17878204584121704 0.5323872566223145 0.010541632771492004 0.018319129943847656
0 0.3004324436187744 0.5918973684310913 0.0317692756652832 0.04223918914794922
2 0.7445757985115051 0.5221031308174133 0.026929140090942383 0.08611908555030823
2 0.6650835275650024 0.5345842242240906 0.02048206329345703 0.09042510390281677
3 0.19165989756584167 0.5428105592727661 0.009775534272193909 0.02218228578567505
