2 0.9545154571533203 0.5006356239318848 0.03733670711517334 0.08730372786521912
0 0.8615455627441406 0.595142662525177 0.22366482019424438 0.19132328033447266
0 0.5363441705703735 0.5263463258743286 0.11029785871505737 0.07576197385787964
2 0.015267619863152504 0.5258480906486511 0.026782076805830002 0.0839357078075409
2 0.05325877666473389 0.529624879360199 0.02528996393084526 0.08231303095817566
3 0.20414522290229797 0.4078710675239563 0.008808091282844543 0.03030872344970703
0 0.16587018966674805 0.5498892068862915 0.13780814409255981 0.1411849856376648
2 0.6490635871887207 0.5367520451545715 0.018344581127166748 0.07787314057350159
3 0.1361408233642578 0.39574748277664185 0.010149016976356506 0.028517335653305054
0 0.23191624879837036 0.5260375142097473 0.026426032185554504 0.061688631772994995
0 0.721477746963501 0.5452804565429688 0.15881580114364624 0.16767597198486328
3 0.19707873463630676 0.4665066599845886 0.010887190699577332 0.01814231276512146
0 0.4004192352294922 0.5273346304893494 0.054384052753448486 0.07951423525810242
0 0.9739140272140503 0.633425235748291 0.05217188596725464 0.30731698870658875
0 0.2830207943916321 0.524327278137207 0.06144380569458008 0.08508336544036865
3 0.13566246628761292 0.334231972694397 0.018529891967773438 0.04244610667228699
3 0.14619028568267822 0.3348785638809204 0.01879240572452545 0.0401858389377594
