2 0.02740362286567688 0.6837935447692871 0.05480724573135376 0.22157222032546997
1 0.03461495786905289 0.7405099868774414 0.06921172142028809 0.17113816738128662
0 0.3531830906867981 0.6370446681976318 0.0664968192577362 0.07602977752685547
2 0.5641082525253296 0.650648832321167 0.0648542046546936 0.16731059551239014
3 0.7682784795761108 0.15178757905960083 0.041541874408721924 0.09996765106916428
0 0.4423052668571472 0.645350456237793 0.08602455258369446 0.10146206617355347
4 0.8278919458389282 0.6732814311981201 0.03202784061431885 0.08503609895706177
3 0.7741571664810181 0.1521020233631134 0.027177870273590088 0.09924063831567764
3 0.7767735123634338 0.15135419368743896 0.05400705337524414 0.09862765669822693
0 0.5952694416046143 0.5920867919921875 0.035168588161468506 0.02005136013031006
0 0.5190280079841614 0.6060469746589661 0.020778417587280273 0.03127574920654297
