0 0.41707316040992737 0.7042890787124634 0.3362899422645569 0.4543669819831848
4 0.8131318092346191 0.6173398494720459 0.06325089931488037 0.13113707304000854
3 0.23635298013687134 0.3121768832206726 0.030026257038116455 0.04930320382118225
2 0.6105726361274719 0.5602303743362427 0.02344954013824463 0.10034811496734619
2 0.6381025314331055 0.5573081970214844 0.03063046932220459 0.11259877681732178
2 0.5638757944107056 0.526762843132019 0.014043450355529785 0.05074268579483032
3 0.5076382160186768 0.31378549337387085 0.024771064519882202 0.045072466135025024
2 0.5391865968704224 0.5226258039474487 0.013274192810058594 0.04203301668167114
2 0.6561763882637024 0.5586159229278564 0.01734769344329834 0.06169480085372925
3 0.06417471170425415 0.4596973657608032 0.015364911407232285 0.02612265944480896
3 0.49697381258010864 0.3164728879928589 0.009587287902832031 0.0382806658744812
0 0.7065796852111816 0.5404146909713745 0.08442556858062744 0.06628113985061646
4 0.04616719111800194 0.5824950933456421 0.02154022455215454 0.041525423526763916
2 0.5262171626091003 0.5215190052986145 0.01319265365600586 0.03175508975982666
