0 0.9072160720825195 0.47618550062179565 0.18556785583496094 0.14362868666648865
2 0.6419073343276978 0.47304147481918335 0.02421724796295166 0.12584248185157776
2 0.5578370094299316 0.4523901045322418 0.017254173755645752 0.06983679533004761
0 0.0430394746363163 0.4829549789428711 0.08593686670064926 0.10550913214683533
2 0.5180890560150146 0.452311635017395 0.017801225185394287 0.06990262866020203
3 0.39745011925697327 0.06600135564804077 0.018655598163604736 0.09141380339860916
2 0.5779106616973877 0.44248953461647034 0.01556307077407837 0.0592041015625
0 0.25972047448158264 0.5077725648880005 0.19463147222995758 0.24865704774856567
3 0.613017201423645 0.32231584191322327 0.03110140562057495 0.03785592317581177
0 0.10176502168178558 0.459028422832489 0.07350590080022812 0.09409293532371521
0 0.17938664555549622 0.4456225633621216 0.041234731674194336 0.07782325148582458
0 0.3501085042953491 0.45013678073883057 0.03554937243461609 0.07132777571678162
2 0.4801449775695801 0.4472208023071289 0.013895601034164429 0.05709570646286011
