0 0.5316810607910156 0.6126942038536072 0.13749369978904724 0.19499635696411133
2 0.829698383808136 0.5929805040359497 0.026859641075134277 0.10307919979095459
2 0.3428839445114136 0.5868107080459595 0.04043072462081909 0.15660858154296875
4 0.3662191927433014 0.6139993071556091 0.04713374376296997 0.1163034439086914
3 0.44591236114501953 0.32251042127609253 0.010562896728515625 0.044698625802993774
2 0.7503582239151001 0.5878518223762512 0.02193516492843628 0.11079537868499756
1 0.30480146408081055 0.5961861610412598 0.053064435720443726 0.07241249084472656
3 0.6490288972854614 0.3026851415634155 0.029582440853118896 0.057452112436294556
4 0.2360849827528 0.7152067422866821 0.12511226534843445 0.25812989473342896
2 0.7668931484222412 0.583228349685669 0.018657267093658447 0.09297424554824829
3 0.6577960252761841 0.30391448736190796 0.013004124164581299 0.05342155694961548
0 0.4645155966281891 0.563747227191925 0.046113789081573486 0.0852956771850586
3 0.799026608467102 0.4903402328491211 0.026349008083343506 0.03371906280517578
