3 0.9338487386703491 0.10314232110977173 0.026802480220794678 0.07899851351976395
2 0.06282439827919006 0.4502025246620178 0.03216605633497238 0.12860214710235596
2 0.09553728252649307 0.4458184540271759 0.031956955790519714 0.09477841854095459
1 0.20329752564430237 0.4566759169101715 0.054306358098983765 0.05355274677276611
2 0.13663530349731445 0.4465402364730835 0.02097444236278534 0.10168686509132385
3 0.26708289980888367 0.3065997362136841 0.010373115539550781 0.031307727098464966
2 0.15357157588005066 0.4555453360080719 0.017417296767234802 0.07582741975784302
3 0.2671527862548828 0.3137196898460388 0.011293232440948486 0.04604741930961609
2 0.11462646722793579 0.44622230529785156 0.026056699454784393 0.09054556488990784
0 0.623558521270752 0.5598853230476379 0.19050884246826172 0.2598651945590973
3 0.052585355937480927 0.3460160493850708 0.02019621804356575 0.029859483242034912
0 0.9837799072265625 0.8200234174728394 0.032440185546875 0.3477378487586975
2 0.7448512315750122 0.4838411211967468 0.019036471843719482 0.08859464526176453
