3 0.22197872400283813 0.02543245069682598 0.040696993470191956 0.05085953697562218
0 0.15054401755332947 0.4850007891654968 0.12750351428985596 0.07111760973930359
2 0.28852277994155884 0.5015112161636353 0.02232220768928528 0.07133400440216064
3 0.3170163631439209 0.34771767258644104 0.014857441186904907 0.07343631982803345
3 0.1342417597770691 0.2551687955856323 0.019973352551460266 0.0610918253660202
3 0.13742944598197937 0.18939048051834106 0.01856498420238495 0.06718170642852783
3 0.49954378604888916 0.1951649785041809 0.028040975332260132 0.08607493340969086
3 0.3418560326099396 0.305240660905838 0.01405709981918335 0.0509987473487854
0 0.9014190435409546 0.5473603010177612 0.08115154504776001 0.07983750104904175
3 0.47413748502731323 0.17839999496936798 0.016301363706588745 0.05462464690208435
3 0.5035791397094727 0.1967255175113678 0.021414369344711304 0.0791679173707962
3 0.13546811044216156 0.22079956531524658 0.023044921457767487 0.13027042150497437
0 0.562179684638977 0.5034335851669312 0.04826462268829346 0.05607813596725464
3 0.4798654615879059 0.1945590227842331 0.02822434902191162 0.08934426307678223
0 0.05916989594697952 0.468524694442749 0.07698878645896912 0.0829528272151947
