2 0.043069370090961456 0.4301738739013672 0.03966718912124634 0.15828001499176025
2 0.25589725375175476 0.44162508845329285 0.03378273546695709 0.12561410665512085
2 0.09784210473299026 0.4321577548980713 0.03038071095943451 0.12082797288894653
2 0.1532224714756012 0.44036865234375 0.03924155235290527 0.122091144323349
0 0.33218827843666077 0.44556695222854614 0.08763521909713745 0.09338006377220154
3 0.9745347499847412 0.10061026364564896 0.037658512592315674 0.11653976142406464
0 0.39866653084754944 0.44115155935287476 0.062006592750549316 0.07254895567893982
0 0.8805910348892212 0.489416241645813 0.17475205659866333 0.18510493636131287
0 0.5422874689102173 0.47978249192237854 0.11530885100364685 0.16561871767044067
2 0.1422663927078247 0.43176570534706116 0.02196963131427765 0.122325599193573
3 0.22717353701591492 0.30720657110214233 0.027127370238304138 0.03598138689994812
0 0.42966848611831665 0.43189579248428345 0.04912176728248596 0.06927576661109924
3 0.47277963161468506 0.17162588238716125 0.012067228555679321 0.0553617924451828
0 0.6911658048629761 0.4469609260559082 0.049529433250427246 0.0966235101222992
