2 0.8493157625198364 0.6259469985961914 0.04290449619293213 0.12831342220306396
2 0.12529808282852173 0.6181362867355347 0.02277851104736328 0.08059555292129517
0 0.6299992799758911 0.6251516342163086 0.21826261281967163 0.13706856966018677
3 0.7354298233985901 0.44762861728668213 0.016301989555358887 0.05049744248390198
0 0.04238425940275192 0.6557537317276001 0.08476851880550385 0.168853759765625
2 0.4778822362422943 0.6168903112411499 0.02376270294189453 0.08527320623397827
2 0.7447608113288879 0.6088162660598755 0.0287930965423584 0.09213435649871826
2 0.8284338116645813 0.6009140014648438 0.020564675331115723 0.0880352258682251
2 0.20932134985923767 0.6070504188537598 0.015825942158699036 0.05273401737213135
2 0.2543197274208069 0.6175274848937988 0.02498699724674225 0.10444003343582153
2 0.24322885274887085 0.6248633861541748 0.025186344981193542 0.09447413682937622
3 0.5918086171150208 0.5265097618103027 0.011016249656677246 0.02633267641067505
0 0.38440272212028503 0.6169509887695312 0.1796875 0.14131414890289307
2 0.24757981300354004 0.6192260980606079 0.03119717538356781 0.10462725162506104
2 0.7910168170928955 0.6279662251472473 0.018030822277069092 0.04671764373779297
2 0.18935075402259827 0.6093317270278931 0.018354222178459167 0.06425189971923828
2 0.17480330169200897 0.6137131452560425 0.022667884826660156 0.056248486042022705
