2 0.648133397102356 0.5218858122825623 0.07432997226715088 0.31908902525901794
2 0.14028887450695038 0.45630979537963867 0.05762099474668503 0.13530239462852478
0 0.0753345862030983 0.4486848711967468 0.10470855981111526 0.10167846083641052
2 0.8588987588882446 0.4902224540710449 0.052813708782196045 0.15460285544395447
2 0.016254473477602005 0.4531461000442505 0.03250894695520401 0.16230115294456482
3 0.31286755204200745 0.05631221458315849 0.02087843418121338 0.08414504677057266
3 0.3378913402557373 0.0652603805065155 0.028063595294952393 0.08314932882785797
1 0.6535437703132629 0.6057233810424805 0.07057929039001465 0.17149317264556885
0 0.499887615442276 0.9056975841522217 0.999775230884552 0.18860489130020142
0 0.5630961656570435 0.4773476719856262 0.38750046491622925 0.22762033343315125
1 0.9695947766304016 0.7580887079238892 0.06081044673919678 0.32698124647140503
3 0.6814408302307129 0.2776048183441162 0.015057563781738281 0.07489024102687836
2 0.17683537304401398 0.43244823813438416 0.01220598816871643 0.03615236282348633
3 0.6995972394943237 0.3368161916732788 0.03705543279647827 0.042836904525756836
2 0.2556622624397278 0.43234625458717346 0.018332093954086304 0.03146094083786011
3 0.6982316970825195 0.3341433107852936 0.019845187664031982 0.03805887699127197
