2 0.9155972003936768 0.6340798735618591 0.0798678994178772 0.31632331013679504
3 0.7315858006477356 0.2876129746437073 0.03965115547180176 0.07087373733520508
3 0.053060468286275864 0.2596130669116974 0.04254952818155289 0.12582117319107056
0 0.8938072323799133 0.6135081052780151 0.21114802360534668 0.19013506174087524
3 0.8662630319595337 0.49589359760284424 0.010247409343719482 0.026104360818862915
3 0.01142958551645279 0.36619940400123596 0.022830642759799957 0.05775642395019531
3 0.8673383593559265 0.4956444203853607 0.014688491821289062 0.02713698148727417
2 0.07168372720479965 0.6636397838592529 0.01621854305267334 0.05840170383453369
3 0.7225430607795715 0.2877064347267151 0.0211946964263916 0.06934070587158203
2 0.10948816686868668 0.6630434393882751 0.016173094511032104 0.05624198913574219
3 0.7430931329727173 0.286316454410553 0.018345236778259277 0.06470710039138794
0 0.6734750270843506 0.6262568235397339 0.21129435300827026 0.2609536051750183
