3 0.8425712585449219 0.3195735216140747 0.018460094928741455 0.05777570605278015
0 0.8774187564849854 0.7322480082511902 0.2451624870300293 0.5351376533508301
0 0.25395703315734863 0.6631675958633423 0.10292881727218628 0.09408873319625854
2 0.5699635148048401 0.6673527956008911 0.05067181587219238 0.1349204182624817
3 0.40413129329681396 0.6021783351898193 0.012786179780960083 0.024511635303497314
3 0.473191499710083 0.5069501996040344 0.010743528604507446 0.04070892930030823
2 0.569752037525177 0.693954348564148 0.049196481704711914 0.08148270845413208
2 0.6756468415260315 0.6519071459770203 0.029147982597351074 0.09078598022460938
3 0.3520756959915161 0.5398322939872742 0.018270254135131836 0.032917022705078125
3 0.5822128057479858 0.5083773732185364 0.011499583721160889 0.027382850646972656
