2 0.1942988485097885 0.587235689163208 0.032613158226013184 0.10840553045272827
2 0.3601558208465576 0.604577898979187 0.02947959303855896 0.11658084392547607
2 0.25183624029159546 0.591090738773346 0.018984705209732056 0.08743584156036377
2 0.06317858397960663 0.5844466686248779 0.05447513237595558 0.20940250158309937
2 0.016641411930322647 0.5813472270965576 0.033282823860645294 0.19861453771591187
0 0.7268601655960083 0.6332691311836243 0.11247605085372925 0.11880934238433838
2 0.10729573667049408 0.6073701977729797 0.04718922823667526 0.16362059116363525
2 0.3302971422672272 0.5844423770904541 0.017360210418701172 0.07315415143966675
2 0.6331595182418823 0.5986948013305664 0.011754930019378662 0.047628045082092285
2 0.4692721962928772 0.588710606098175 0.015579402446746826 0.04708564281463623
3 0.9242407083511353 0.5184956789016724 0.01939678192138672 0.0340198278427124
0 0.5494967103004456 0.6115641593933105 0.0802454948425293 0.12194174528121948
3 0.560230016708374 0.2598406970500946 0.02051246166229248 0.0681624561548233
3 0.5444307923316956 0.25556516647338867 0.02720820903778076 0.0727042555809021
3 0.5378974676132202 0.25558143854141235 0.027377009391784668 0.0714767575263977
3 0.5537121891975403 0.257108211517334 0.03336656093597412 0.07407627999782562
