2 0.7921993136405945 0.3615720868110657 0.02866506576538086 0.0998624861240387
2 0.6619870662689209 0.3420078158378601 0.025978267192840576 0.08950212597846985
2 0.0805012583732605 0.3635123372077942 0.06561398506164551 0.3985246419906616
1 0.6627082824707031 0.36329948902130127 0.027781665325164795 0.059612005949020386
1 0.7948547601699829 0.38423052430152893 0.06236952543258667 0.06367653608322144
0 0.11920028924942017 0.29389554262161255 0.04158420115709305 0.07092174887657166
0 0.5919783711433411 0.3190097212791443 0.0406346321105957 0.05026879906654358
3 0.7621703147888184 0.09323231130838394 0.02051699161529541 0.056590110063552856
3 0.7697176933288574 0.09379629045724869 0.03516829013824463 0.058190181851387024
3 0.7802789211273193 0.09529641270637512 0.01588207483291626 0.056145139038562775
0 0.49989768862724304 0.8591625690460205 0.9992422461509705 0.28167492151260376
0 0.1743801236152649 0.29389458894729614 0.08245129883289337 0.08633944392204285
3 0.7773387432098389 0.09389678388834 0.021100223064422607 0.056120842695236206
1 0.9651987552642822 0.3756852149963379 0.049211084842681885 0.030888468027114868
0 0.6267309188842773 0.3284222483634949 0.04555642604827881 0.049177348613739014
2 0.2742438018321991 0.29365670680999756 0.014650344848632812 0.0369965136051178
