0 0.5812476277351379 0.6721072196960449 0.24873235821723938 0.24628275632858276
2 0.10410046577453613 0.616197407245636 0.04363589733839035 0.1680126190185547
2 0.01955813728272915 0.6494570374488831 0.0391162745654583 0.18613409996032715
3 0.5069624185562134 0.4861660599708557 0.016375839710235596 0.029978066682815552
0 0.9132003784179688 0.6044726371765137 0.16714096069335938 0.13852298259735107
0 0.886097252368927 0.6045769453048706 0.11190760135650635 0.13729029893875122
3 0.4364877939224243 0.48897677659988403 0.011805921792984009 0.021929919719696045
0 0.03940868750214577 0.631817638874054 0.07865867763757706 0.10407161712646484
3 0.28796908259391785 0.48455381393432617 0.023492813110351562 0.03239402174949646
3 0.3163124918937683 0.48615217208862305 0.015359878540039062 0.028221487998962402
