0 0.8583105802536011 0.4875521659851074 0.17464977502822876 0.11940956115722656
0 0.07385827600955963 0.5823429822921753 0.14771655201911926 0.35313349962234497
3 0.47267061471939087 0.21260762214660645 0.028416335582733154 0.06586161255836487
2 0.6690777540206909 0.47465527057647705 0.02570134401321411 0.09073618054389954
2 0.5549913644790649 0.49645039439201355 0.02320575714111328 0.1083936095237732
2 0.9746518135070801 0.5105587840080261 0.045651793479919434 0.21454641222953796
2 0.6983820199966431 0.4733916223049164 0.0265161395072937 0.09730833768844604
3 0.985625147819519 0.1480187028646469 0.02874964475631714 0.11774542182683945
0 0.35290342569351196 0.5832759141921997 0.17234009504318237 0.23520448803901672
2 0.5910322666168213 0.4955992102622986 0.02253013849258423 0.0939083993434906
3 0.6176167130470276 0.3925841450691223 0.015133023262023926 0.02934613823890686
0 0.22789020836353302 0.5220376253128052 0.03523397445678711 0.0456337034702301
2 0.7958076000213623 0.46279555559158325 0.02648627758026123 0.03755265474319458
3 0.46780890226364136 0.21254846453666687 0.019647687673568726 0.0660477727651596
0 0.4783782958984375 0.49997949600219727 0.09241044521331787 0.09678778052330017
0 0.262176513671875 0.5191246867179871 0.03419665992259979 0.044209450483322144
2 0.9892622232437134 0.510378360748291 0.021475613117218018 0.2130560278892517
1 0.6981432437896729 0.49696609377861023 0.02466261386871338 0.06956237554550171
