0 0.5295172333717346 0.4778973460197449 0.10885155200958252 0.1567629873752594
2 0.8417552709579468 0.4295833706855774 0.026393473148345947 0.03635072708129883
0 0.8530219793319702 0.620631217956543 0.2939559817314148 0.3509208858013153
3 0.3021485209465027 0.18229025602340698 0.013152390718460083 0.05065934360027313
3 0.9546465277671814 0.07844588160514832 0.028759002685546875 0.09123401343822479
3 0.41945502161979675 0.3131657838821411 0.014010906219482422 0.031312257051467896
3 0.6353085041046143 0.13347086310386658 0.01774996519088745 0.0680810958147049
3 0.9601719379425049 0.0779774934053421 0.03923565149307251 0.0965186059474945
0 0.8529659509658813 0.7175029516220093 0.2940681576728821 0.548595130443573
0 0.048513151705265045 0.6349443197250366 0.09702220559120178 0.41998177766799927
3 0.6911448240280151 0.3285912275314331 0.008207142353057861 0.02245458960533142
3 0.6304346323013306 0.36861732602119446 0.014108717441558838 0.021677017211914062
0 0.1413297951221466 0.4931463301181793 0.2826595902442932 0.40552061796188354
2 0.9708175659179688 0.5599695444107056 0.05824124813079834 0.8725818991661072
2 0.2875927686691284 0.41732728481292725 0.016223162412643433 0.0813581645488739
3 0.6896802186965942 0.32841140031814575 0.012113213539123535 0.024243652820587158
