2 0.3766097128391266 0.6496325731277466 0.09155118465423584 0.540386974811554
2 0.7030139565467834 0.5841636657714844 0.031890153884887695 0.04112660884857178
2 0.888832688331604 0.5851554870605469 0.02584153413772583 0.11329936981201172
2 0.9704298377037048 0.5933683514595032 0.030704498291015625 0.13105273246765137
3 0.43921518325805664 0.1460903435945511 0.04584255814552307 0.08668642491102219
2 0.9868288636207581 0.5993916392326355 0.026342272758483887 0.18428802490234375
3 0.42832624912261963 0.14681462943553925 0.02465018630027771 0.08197050541639328
2 0.9361568689346313 0.5820103287696838 0.02945864200592041 0.09198498725891113
3 0.45416274666786194 0.14773964881896973 0.016847610473632812 0.08213457465171814
0 0.3094613552093506 0.5034272074699402 0.5688773393630981 0.4022127091884613
0 0.49953433871269226 0.9558427929878235 0.9973432421684265 0.08816790580749512
