0 0.15826211869716644 0.6701116561889648 0.3165242373943329 0.33466607332229614
2 0.5288127064704895 0.5657433271408081 0.035105347633361816 0.15239542722702026
2 0.4224354028701782 0.5498567223548889 0.0261671245098114 0.1039828360080719
3 0.3140908479690552 0.43084782361984253 0.013449341058731079 0.02206823229789734
2 0.3786762058734894 0.5709728002548218 0.035345256328582764 0.18011072278022766
3 0.5080466270446777 0.3668518662452698 0.027127563953399658 0.05837017297744751
2 0.50537109375 0.5480765104293823 0.01599407196044922 0.09442967176437378
3 0.46477243304252625 0.3700251877307892 0.023278236389160156 0.05959212779998779
2 0.46107980608940125 0.5476642847061157 0.014814376831054688 0.0372660756111145
3 0.22687402367591858 0.4479040205478668 0.014505386352539062 0.021420836448669434
