0 0.15993277728557587 0.7024961709976196 0.31986555457115173 0.39121073484420776
0 0.9042707681655884 0.5940552949905396 0.19145840406417847 0.2581889033317566
0 0.4260095953941345 0.5250174403190613 0.07864484190940857 0.0954112708568573
2 0.3327057957649231 0.5219946503639221 0.03286460041999817 0.11242389678955078
0 0.24350550770759583 0.5333702564239502 0.13513623178005219 0.094625324010849
3 0.7768524885177612 0.29058876633644104 0.015591442584991455 0.05483585596084595
0 0.6045814752578735 0.5182476043701172 0.04112589359283447 0.05373689532279968
3 0.7910097241401672 0.28729578852653503 0.015140533447265625 0.05268716812133789
3 0.783373236656189 0.2896586060523987 0.029244959354400635 0.056582480669021606
3 0.7881084680557251 0.28802376985549927 0.020220398902893066 0.05419149994850159
3 0.1420375108718872 0.3212830126285553 0.043784432113170624 0.0580407977104187
0 0.6530505418777466 0.5278373956680298 0.021915733814239502 0.03941470384597778
