0 0.208257794380188 0.6127764582633972 0.24787479639053345 0.23680928349494934
3 0.31915879249572754 0.01636132039129734 0.03004351258277893 0.03272264078259468
0 0.04784238338470459 0.5538530349731445 0.09516942501068115 0.0767865777015686
0 0.730772852897644 0.5408868789672852 0.07256591320037842 0.0888446569442749
3 0.2989308834075928 0.035689838230609894 0.07276409864425659 0.07134510576725006
3 0.28362777829170227 0.035202670842409134 0.03329324722290039 0.070192851126194
3 0.647053062915802 0.060046639293432236 0.032708168029785156 0.12009327858686447
0 0.6273453831672668 0.5233561396598816 0.04868483543395996 0.04761812090873718
0 0.04774472489953041 0.573071300983429 0.09548944979906082 0.11629855632781982
0 0.6856473684310913 0.5258983373641968 0.05503576993942261 0.08663704991340637
