0 0.32116949558258057 0.6644084453582764 0.40816548466682434 0.38374465703964233
3 0.258483350276947 0.2384529411792755 0.043291524052619934 0.08107386529445648
4 0.640991747379303 0.6253690719604492 0.012694597244262695 0.039790987968444824
2 0.6545708775520325 0.5764778852462769 0.019455552101135254 0.05932885408401489
2 0.9815744161605835 0.5779991745948792 0.014640271663665771 0.09775543212890625
3 0.8009341359138489 0.4778575003147125 0.02034127712249756 0.029024124145507812
3 0.2711801528930664 0.2387283742427826 0.01960068941116333 0.07715331017971039
3 0.24888713657855988 0.23817473649978638 0.02442184090614319 0.077410027384758
0 0.500785231590271 0.9404325485229492 0.9962342381477356 0.11913496255874634
0 0.5221403241157532 0.5797182321548462 0.017743825912475586 0.02418196201324463
3 0.8085107207298279 0.4768720269203186 0.03478717803955078 0.03659391403198242
2 0.5452622175216675 0.5841974020004272 0.015075266361236572 0.042854487895965576
