0 0.18691086769104004 0.4782131314277649 0.10895776748657227 0.06672737002372742
0 0.8475031852722168 0.6200685501098633 0.3049936890602112 0.34910106658935547
3 0.2581579089164734 0.34443199634552 0.015028685331344604 0.04774370789527893
0 0.02247731201350689 0.6050812005996704 0.04495462402701378 0.2930295765399933
2 0.6913194060325623 0.44684258103370667 0.02033710479736328 0.060588061809539795
2 0.6584728956222534 0.44782957434654236 0.016711056232452393 0.05900382995605469
2 0.7135285139083862 0.43730106949806213 0.013138949871063232 0.060634493827819824
0 0.380251944065094 0.5647873878479004 0.19188770651817322 0.31681689620018005
2 0.16395261883735657 0.45476603507995605 0.012181535363197327 0.02755659818649292
0 0.4978444278240204 0.8866469860076904 0.9956888556480408 0.22670602798461914
2 0.28855210542678833 0.4640137255191803 0.0173739492893219 0.0540308952331543
0 0.5769946575164795 0.46916645765304565 0.06272715330123901 0.07789471745491028
