3 0.5239529013633728 0.29860731959342957 0.017732620239257812 0.05937051773071289
0 0.9377559423446655 0.4936487674713135 0.12329024076461792 0.05487489700317383
0 0.7860116958618164 0.5160394906997681 0.13234388828277588 0.061056166887283325
3 0.02126886695623398 0.01669999398291111 0.042485304176807404 0.03339998796582222
3 0.9788538217544556 0.08646140247583389 0.04149740934371948 0.1717967838048935
3 0.984112560749054 0.26916781067848206 0.029885053634643555 0.09695281088352203
3 0.5581938028335571 0.4663626551628113 0.011423766613006592 0.02510794997215271
3 0.5312250852584839 0.459230899810791 0.0055509209632873535 0.016650676727294922
3 0.48978105187416077 0.4328964352607727 0.008722186088562012 0.02078324556350708
3 0.6851298809051514 0.4564213752746582 0.014383435249328613 0.02206173539161682
3 0.9450972080230713 0.2887727618217468 0.017783701419830322 0.06583395600318909
0 0.455838680267334 0.5594972968101501 0.09394440054893494 0.10575246810913086
0 0.4938226044178009 0.9398144483566284 0.9870660901069641 0.12037116289138794
