3 0.6296917200088501 0.38599511981010437 0.015271961688995361 0.05050778388977051
3 0.3504562973976135 0.31431031227111816 0.017094135284423828 0.05584731698036194
2 0.6506781578063965 0.5086696743965149 0.01710587739944458 0.06999170780181885
2 0.5537096858024597 0.5201953649520874 0.016201496124267578 0.0733247697353363
2 0.9185456037521362 0.722641110420227 0.16290873289108276 0.5547177791595459
3 0.5306218862533569 0.40044087171554565 0.010447025299072266 0.04738941788673401
0 0.4737662374973297 0.5180531740188599 0.04674804210662842 0.06265848875045776
3 0.5308831930160522 0.45374882221221924 0.011658251285552979 0.020399659872055054
0 0.29556959867477417 0.5331903696060181 0.025068283081054688 0.03947162628173828
3 0.36753731966018677 0.2916392385959625 0.015886127948760986 0.025611817836761475
