4 0.7179135084152222 0.4713408350944519 0.03347235918045044 0.09517344832420349
4 0.7749974727630615 0.49706488847732544 0.04310089349746704 0.11449804902076721
4 0.6640499234199524 0.4292027950286865 0.0267641544342041 0.07527074217796326
0 0.7621615529060364 0.41502559185028076 0.17338347434997559 0.18166378140449524
0 0.4321429133415222 0.34320348501205444 0.03532341122627258 0.0476858913898468
0 0.8928468227386475 0.4691116213798523 0.21430635452270508 0.3499118983745575
0 0.5000342130661011 0.8590487241744995 0.9998542070388794 0.28190261125564575
3 0.4755786955356598 0.023474009707570076 0.028979122638702393 0.04678528383374214
2 0.4645179808139801 0.3408937454223633 0.01799631118774414 0.06015586853027344
2 0.46131426095962524 0.33854082226753235 0.01343315839767456 0.055959105491638184
2 0.844489574432373 0.31426459550857544 0.0261419415473938 0.07223376631736755
