0 0.8824813365936279 0.4282621145248413 0.23503732681274414 0.30487069487571716
0 0.12102086842060089 0.5395413041114807 0.24204173684120178 0.33509722352027893
3 0.2646099627017975 0.3030604422092438 0.02553117275238037 0.031006217002868652
0 0.5070425271987915 0.4324077069759369 0.13054755330085754 0.20109766721725464
2 0.770124077796936 0.35444891452789307 0.022218704223632812 0.10204893350601196
2 0.8606929779052734 0.3476083278656006 0.031394004821777344 0.08110064268112183
2 0.981225311756134 0.480190634727478 0.037549376487731934 0.36007729172706604
2 0.39134255051612854 0.38292089104652405 0.01961725950241089 0.07623517513275146
0 0.4995269775390625 0.8552632927894592 0.999053955078125 0.28947341442108154
2 0.13127493858337402 0.3887042999267578 0.021136373281478882 0.05177527666091919
2 0.8186638355255127 0.3556750416755676 0.036529719829559326 0.09541621804237366
2 0.3577865958213806 0.3920682370662689 0.019546598196029663 0.07371115684509277
2 0.7211644649505615 0.3873440623283386 0.030105769634246826 0.1603793203830719
2 0.952683687210083 0.30853283405303955 0.02521437406539917 0.027309328317642212
