3 0.4575866460800171 0.12820479273796082 0.03971013426780701 0.09250406920909882
2 0.09581456333398819 0.5064479112625122 0.039113327860832214 0.18148863315582275
3 0.9113092422485352 0.016182050108909607 0.03937685489654541 0.032364100217819214
2 0.05423130840063095 0.5111738443374634 0.0370631217956543 0.1996719241142273
0 0.13516299426555634 0.49924135208129883 0.16101548075675964 0.15144824981689453
2 0.8494423031806946 0.47309571504592896 0.02068483829498291 0.0887380838394165
2 0.7956347465515137 0.4736570715904236 0.016704857349395752 0.06827756762504578
2 0.1631062775850296 0.5081953406333923 0.04282873868942261 0.1531805694103241
2 0.9420560598373413 0.47548627853393555 0.028876125812530518 0.10365411639213562
2 0.8690140247344971 0.47745585441589355 0.019633114337921143 0.09903988242149353
2 0.8839256763458252 0.4849240183830261 0.024079740047454834 0.10188814997673035
0 0.028267402201890945 0.6653792858123779 0.05653480440378189 0.6637733578681946
0 0.42276662588119507 0.493278443813324 0.3262743651866913 0.5027590990066528
2 0.19901397824287415 0.5086580514907837 0.046589285135269165 0.15962639451026917
2 0.9107258319854736 0.4778456687927246 0.02375262975692749 0.09523281455039978
3 0.2720964550971985 0.37879401445388794 0.014132648706436157 0.02509555220603943
3 0.4675527811050415 0.12833614647388458 0.01933690905570984 0.09129762649536133
