0 0.5266079902648926 0.6994777917861938 0.2107618749141693 0.2586256265640259
3 0.5910600423812866 0.438312292098999 0.02604299783706665 0.1111333966255188
0 0.9018594026565552 0.6261067986488342 0.038507282733917236 0.03144383430480957
0 0.3698124289512634 0.6525756120681763 0.06075739860534668 0.07178956270217896
3 0.3848864436149597 0.44145703315734863 0.015284448862075806 0.04023617506027222
3 0.3823626637458801 0.44202786684036255 0.011158466339111328 0.038992881774902344
0 0.7906942367553711 0.6290026307106018 0.04455757141113281 0.05378079414367676
3 0.3910767138004303 0.4413546621799469 0.014043688774108887 0.04117327928543091
3 0.3878783583641052 0.441364049911499 0.019384115934371948 0.04179030656814575
2 0.3912340998649597 0.6086450815200806 0.01030007004737854 0.023752212524414062
0 0.13515669107437134 0.6181234121322632 0.10414643585681915 0.04548567533493042
3 0.5166032314300537 0.4979369342327118 0.012438952922821045 0.03929847478866577
