2 0.8833954334259033 0.45283937454223633 0.07131534814834595 0.39637327194213867
2 0.9706871509552002 0.2996240556240082 0.03386920690536499 0.10187007486820221
2 0.03715141862630844 0.32284611463546753 0.03838679939508438 0.099688321352005
3 0.26857197284698486 0.14039775729179382 0.014972120523452759 0.06408138573169708
4 0.7907698154449463 0.3276374936103821 0.019339144229888916 0.0446372926235199
3 0.7228031158447266 0.042409054934978485 0.01970672607421875 0.06524825096130371
4 0.808510422706604 0.32707586884498596 0.019231021404266357 0.04299497604370117
0 0.2802715599536896 0.3302369713783264 0.2522197961807251 0.16393548250198364
0 0.12543395161628723 0.30867016315460205 0.029563143849372864 0.051459163427352905
3 0.7229517698287964 0.19336342811584473 0.01681572198867798 0.03055448830127716
2 0.14731495082378387 0.3140416145324707 0.022493839263916016 0.10342702269554138
1 0.14925351738929749 0.33591246604919434 0.02122659981250763 0.06283846497535706
2 0.00549280596897006 0.3254469931125641 0.010941724292933941 0.0875045657157898
1 0.14816749095916748 0.3216255307197571 0.023979470133781433 0.0910443365573883
