2 0.6628687977790833 0.6456542611122131 0.08563685417175293 0.35861730575561523
3 0.9272409677505493 0.4061756730079651 0.019802868366241455 0.06191340088844299
2 0.6077019572257996 0.595975935459137 0.029795169830322266 0.12360703945159912
3 0.09888291358947754 0.3315027058124542 0.02267000824213028 0.07792741060256958
2 0.45152297616004944 0.6094253659248352 0.024263739585876465 0.08147203922271729
0 0.1585705578327179 0.6225239038467407 0.07915143668651581 0.07717323303222656
0 0.42019927501678467 0.6150076985359192 0.05221101641654968 0.08099997043609619
1 0.6760078072547913 0.7905357480049133 0.053307294845581055 0.22976231575012207
2 0.033412009477615356 0.6041842699050903 0.0207092072814703 0.06309127807617188
0 0.23364487290382385 0.616563618183136 0.07881569862365723 0.08302783966064453
1 0.6661736965179443 0.7686051726341248 0.07530730962753296 0.2795877456665039
2 0.0039049715269356966 0.6128149032592773 0.007807683665305376 0.06965333223342896
