0 0.06512276083230972 0.6883811950683594 0.13018040359020233 0.26110345125198364
3 0.20649737119674683 0.4674716591835022 0.016245171427726746 0.02615252137184143
3 0.762556791305542 0.3767183721065521 0.03388458490371704 0.15299630165100098
0 0.1569005697965622 0.6392456293106079 0.0409693717956543 0.03406935930252075
3 0.6053379774093628 0.518773078918457 0.019604146480560303 0.05766412615776062
1 0.46255937218666077 0.6431964039802551 0.024869143962860107 0.04144287109375
3 0.7998931407928467 0.4781936705112457 0.029619872570037842 0.08925169706344604
1 0.45430469512939453 0.6435484886169434 0.04276007413864136 0.04279118776321411
2 0.46221867203712463 0.6298235058784485 0.015843212604522705 0.05814099311828613
3 0.7967935800552368 0.4738743007183075 0.023267090320587158 0.07824593782424927
3 0.7291939854621887 0.4403543472290039 0.023745298385620117 0.059365659952163696
3 0.5856974124908447 0.5168347358703613 0.017089664936065674 0.053727149963378906
0 0.9444921612739563 0.612180233001709 0.05138051509857178 0.01693171262741089
3 0.35463589429855347 0.48463380336761475 0.0114193856716156 0.03363361954689026
0 0.34350013732910156 0.6301557421684265 0.035871684551239014 0.05900287628173828
