0 0.37497618794441223 0.7389216423034668 0.32032614946365356 0.4022753834724426
0 0.5228965878486633 0.6178301572799683 0.08414077758789062 0.1289159655570984
2 0.5696943998336792 0.6078613996505737 0.03790968656539917 0.12763875722885132
3 0.4450036883354187 0.32730376720428467 0.018397599458694458 0.06884709000587463
3 0.3625852167606354 0.42580556869506836 0.011568903923034668 0.04545515775680542
2 0.18711191415786743 0.6122413873672485 0.016165122389793396 0.05858170986175537
3 0.1884411871433258 0.5335214734077454 0.009443134069442749 0.024801969528198242
2 0.17865212261676788 0.6119612455368042 0.015756279230117798 0.058198511600494385
2 0.1836635023355484 0.6128888726234436 0.020352333784103394 0.05951416492462158
3 0.44520092010498047 0.3159016966819763 0.0197964608669281 0.08971777558326721
2 0.4395084083080292 0.6139330863952637 0.05425453186035156 0.06758815050125122
