0 0.8734921216964722 0.7265742421150208 0.20387917757034302 0.145646333694458
2 0.07887523621320724 0.6884874105453491 0.03474466875195503 0.108021080493927
4 0.7060874700546265 0.7159874439239502 0.013988137245178223 0.04701179265975952
3 0.029440291225910187 0.5563580989837646 0.017269710078835487 0.02890568971633911
0 0.14377757906913757 0.6924280524253845 0.09680832177400589 0.08839702606201172
0 0.47925278544425964 0.656842052936554 0.02337789535522461 0.024790048599243164
0 0.20747123658657074 0.6820715069770813 0.055813878774642944 0.06947636604309082
3 0.6158814430236816 0.3904266357421875 0.027730166912078857 0.06295299530029297
3 0.4906839430332184 0.5877997875213623 0.010811984539031982 0.01946789026260376
3 0.056400034576654434 0.5571608543395996 0.016477085649967194 0.03146761655807495
0 0.2371828556060791 0.670615017414093 0.05209200084209442 0.07044768333435059
3 0.6100786924362183 0.39251509308815 0.017325222492218018 0.058463215827941895
3 0.7880464792251587 0.5746188163757324 0.0203741192817688 0.03759080171585083
0 0.27251318097114563 0.6707766652107239 0.03274714946746826 0.051019906997680664
