3 0.06367355585098267 0.37500858306884766 0.018115978688001633 0.060196489095687866
3 0.40355873107910156 0.3923775553703308 0.018492400646209717 0.07359769940376282
3 0.028096897527575493 0.24204111099243164 0.03039880469441414 0.07718382775783539
3 0.9874821901321411 0.45756804943084717 0.0245208740234375 0.044088274240493774
3 0.7298495769500732 0.10923326015472412 0.05733281373977661 0.11168542504310608
0 0.8434733152389526 0.6308703422546387 0.1421859860420227 0.15027809143066406
0 0.19494354724884033 0.5394517183303833 0.07014729082584381 0.045691847801208496
3 0.7110505700111389 0.11031758040189743 0.020579934120178223 0.10138528048992157
3 0.7474265098571777 0.10770471394062042 0.02336597442626953 0.09830237179994583
0 0.24521338939666748 0.5383775234222412 0.03532080352306366 0.027661621570587158
0 0.4877495765686035 0.9170911908149719 0.975499153137207 0.16581761837005615
