2 0.5808568000793457 0.5767194628715515 0.1382463574409485 0.44697150588035583
3 0.6696527600288391 0.1118008941411972 0.022688627243041992 0.0746491476893425
0 0.8957531452178955 0.44846397638320923 0.07633095979690552 0.07392913103103638
2 0.03135305643081665 0.4263337254524231 0.05139648914337158 0.11909770965576172
2 0.46342527866363525 0.48022860288619995 0.05045470595359802 0.20807209610939026
2 0.4179425835609436 0.4721657633781433 0.05593481659889221 0.21904513239860535
0 0.9571678638458252 0.4664768874645233 0.08566427230834961 0.07430011034011841
0 0.7871158719062805 0.46700426936149597 0.1271531581878662 0.12072783708572388
2 0.2260264754295349 0.48947641253471375 0.06476010382175446 0.2545021176338196
2 0.34715867042541504 0.495974063873291 0.06903067231178284 0.28046247363090515
2 0.38557595014572144 0.4498977065086365 0.02977919578552246 0.15404173731803894
3 0.9758154153823853 0.1940266489982605 0.015733718872070312 0.05587916076183319
0 0.03308665379881859 0.39278021454811096 0.06617148965597153 0.1312394142150879
2 0.27440786361694336 0.44198742508888245 0.036179929971694946 0.16829830408096313
0 0.9934467077255249 0.477133572101593 0.01310652494430542 0.09033012390136719
0 0.7304471135139465 0.4131903052330017 0.03659701347351074 0.04104575514793396
