2 0.3305797576904297 0.4852985143661499 0.02812919020652771 0.12681201100349426
2 0.11609287559986115 0.4926092028617859 0.0565672442317009 0.14763125777244568
2 0.18601691722869873 0.47892653942108154 0.03331999480724335 0.14538726210594177
2 0.9281507730484009 0.5213443636894226 0.033708930015563965 0.13008937239646912
2 0.2833932638168335 0.48741114139556885 0.024411112070083618 0.12617886066436768
2 0.8184385299682617 0.48802441358566284 0.024288177490234375 0.0875692069530487
0 0.5005292892456055 0.9303405284881592 0.9989197254180908 0.13926929235458374
2 0.7952691316604614 0.5005242824554443 0.025630593299865723 0.10291367769241333
3 0.6547685861587524 0.12913906574249268 0.019609808921813965 0.06943836063146591
0 0.5281767845153809 0.45183515548706055 0.02286529541015625 0.020657718181610107
0 0.4863114356994629 0.4669659733772278 0.03871139883995056 0.05362558364868164
