0 0.5921510457992554 0.7471973896026611 0.3507823050022125 0.4901859164237976
3 0.4899581968784332 0.2428595870733261 0.0182647705078125 0.07108113169670105
0 0.1786603033542633 0.6955398321151733 0.357308030128479 0.44460639357566833
3 0.22901807725429535 0.36950239539146423 0.012832164764404297 0.0428776741027832
2 0.6645986437797546 0.5118110775947571 0.01948070526123047 0.0289018452167511
3 0.3643580675125122 0.4142112731933594 0.011174410581588745 0.03385564684867859
2 0.6188868284225464 0.4902641177177429 0.013850033283233643 0.04029962420463562
3 0.7345603704452515 0.3930128812789917 0.04802364110946655 0.05982080101966858
0 0.8602777719497681 0.543930172920227 0.10282212495803833 0.1576007902622223
0 0.459456205368042 0.5134834051132202 0.0830594003200531 0.08511123061180115
2 0.5951359272003174 0.48989230394363403 0.01475226879119873 0.037714600563049316
