0 0.186841681599617 0.41528502106666565 0.1287347376346588 0.12489396333694458
2 0.061493780463933945 0.39065998792648315 0.021317698061466217 0.10321399569511414
3 0.3746674060821533 0.17366191744804382 0.022191226482391357 0.04076029360294342
0 0.5188976526260376 0.4818354547023773 0.24396294355392456 0.34558457136154175
0 0.874050498008728 0.5421361327171326 0.25189900398254395 0.5697225332260132
0 0.6456494927406311 0.3999563455581665 0.056281328201293945 0.11281761527061462
0 0.38617217540740967 0.37938812375068665 0.04800108075141907 0.05990397930145264
2 0.34014448523521423 0.3683684468269348 0.013669967651367188 0.04681128263473511
2 0.31971901655197144 0.3717772364616394 0.018480390310287476 0.04984673857688904
0 0.0330037958920002 0.41930079460144043 0.0659884437918663 0.3514152765274048
