2 0.3261856138706207 0.47218218445777893 0.027823686599731445 0.11187630891799927
3 0.3274168372154236 0.10297872126102448 0.01897701621055603 0.07929081469774246
2 0.3705088496208191 0.45176640152931213 0.020332425832748413 0.07968151569366455
3 0.35379868745803833 0.10763430595397949 0.02389809489250183 0.07773678749799728
3 0.6514612436294556 0.17395487427711487 0.016188979148864746 0.05972908437252045
0 0.11373817175626755 0.45769739151000977 0.2274763435125351 0.16176947951316833
2 0.396357923746109 0.47583121061325073 0.01919090747833252 0.09562227129936218
2 0.82923424243927 0.5016318559646606 0.034820556640625 0.13424605131149292
2 0.8646894693374634 0.5057477951049805 0.02418386936187744 0.12302705645561218
3 0.2266385555267334 0.34700706601142883 0.026428133249282837 0.034078001976013184
2 0.7940939664840698 0.49757641553878784 0.03389984369277954 0.10246983170509338
1 0.6492596864700317 0.4959334433078766 0.035707294940948486 0.05173701047897339
2 0.18740230798721313 0.4120633900165558 0.018836304545402527 0.024776101112365723
2 0.6827890872955322 0.49037057161331177 0.02147763967514038 0.09590950608253479
