0 0.14397908747196198 0.496359646320343 0.10328740626573563 0.07941702008247375
2 0.7593144178390503 0.49826860427856445 0.04529350996017456 0.1121278703212738
2 0.009880206547677517 0.4863850474357605 0.019760413095355034 0.08684155344963074
3 0.7086939811706543 0.03463362529873848 0.05286961793899536 0.06920836120843887
2 0.9651384353637695 0.5304546356201172 0.046489715576171875 0.2074340581893921
0 0.4998307228088379 0.8927469253540039 0.9996614456176758 0.21449244022369385
3 0.18200749158859253 0.24333736300468445 0.018855735659599304 0.05376134812831879
2 0.9908468723297119 0.5352820158004761 0.018306314945220947 0.20244473218917847
0 0.5431588292121887 0.4649708867073059 0.022860288619995117 0.02521076798439026
3 0.16665929555892944 0.2409576028585434 0.014379650354385376 0.0526217520236969
0 0.6823223233222961 0.49522238969802856 0.07241284847259521 0.07788696885108948
3 0.17589589953422546 0.2424861490726471 0.031805798411369324 0.05599804222583771
3 0.719011664390564 0.033593934029340744 0.032432734966278076 0.06527509540319443
