2 0.7442799806594849 0.5530270338058472 0.049045562744140625 0.20516446232795715
2 0.1935501992702484 0.5417612195014954 0.04138386249542236 0.14946958422660828
2 0.2948434352874756 0.5352128148078918 0.04330867528915405 0.14810344576835632
0 0.04785384610295296 0.5340563654899597 0.09556811302900314 0.08765515685081482
2 0.8741024732589722 0.5280596613883972 0.02825528383255005 0.09364983439445496
3 0.45433157682418823 0.007244279142469168 0.024741560220718384 0.014488558284938335
0 0.8990062475204468 0.5261684060096741 0.1316189169883728 0.09474897384643555
0 0.9798011779785156 0.5354663133621216 0.03993147611618042 0.08397692441940308
0 0.7938100099563599 0.5308830738067627 0.06385809183120728 0.058882057666778564
3 0.6956287026405334 0.3729255199432373 0.03743422031402588 0.045462071895599365
0 0.9703754186630249 0.5264145731925964 0.04238361120223999 0.07274815440177917
0 0.4999382495880127 0.8842306137084961 0.9998764991760254 0.23139744997024536
0 0.3623417019844055 0.5302125215530396 0.05287909507751465 0.055303752422332764
