0 0.3528973460197449 0.4975799322128296 0.09354344010353088 0.07040765881538391
0 0.49845263361930847 0.9332032203674316 0.9969052672386169 0.1335504651069641
3 0.15929654240608215 0.21969228982925415 0.018261581659317017 0.07139940559864044
0 0.7624093294143677 0.521858811378479 0.0857122540473938 0.11793291568756104
2 0.9735590219497681 0.6119577884674072 0.05288201570510864 0.2689070701599121
0 0.8246170282363892 0.5179079174995422 0.031986236572265625 0.04331567883491516
3 0.07254287600517273 0.27899351716041565 0.026259467005729675 0.04445981979370117
0 0.8662598729133606 0.5211546421051025 0.01950669288635254 0.020105957984924316
3 0.21610447764396667 0.4316561818122864 0.018936291337013245 0.02110213041305542
2 0.9690359830856323 0.44047781825065613 0.061927974224090576 0.6506960988044739
3 0.20946639776229858 0.43190041184425354 0.014265671372413635 0.018667221069335938
3 0.07924491167068481 0.27955883741378784 0.013694718480110168 0.043105512857437134
