2 0.02706342376768589 0.5588270425796509 0.05238506570458412 0.22754386067390442
3 0.12019679695367813 0.25617924332618713 0.02273865044116974 0.09012021124362946
0 0.7166114449501038 0.4997965097427368 0.06075119972229004 0.07310259342193604
0 0.7881343364715576 0.5081835985183716 0.05014336109161377 0.06670597195625305
2 0.2471141517162323 0.5252339243888855 0.04712362587451935 0.17047938704490662
2 0.3940792679786682 0.506632924079895 0.023426145315170288 0.09878352284431458
2 0.15387029945850372 0.5028179883956909 0.02172112464904785 0.1369602084159851
0 0.5818217992782593 0.6144207715988159 0.26935091614723206 0.4140344560146332
0 0.4513646960258484 0.49817991256713867 0.0615064799785614 0.06839308142662048
1 0.2469855099916458 0.5758457779884338 0.03744664788246155 0.11511290073394775
