2 0.9221647381782532 0.3442505896091461 0.0337749719619751 0.12740707397460938
2 0.15333230793476105 0.34640637040138245 0.02904343605041504 0.08702391386032104
0 0.11317615956068039 0.5583945512771606 0.22635231912136078 0.35429316759109497
2 0.8690879940986633 0.32195860147476196 0.024488091468811035 0.07917490601539612
0 0.038449425250291824 0.33360207080841064 0.07689885050058365 0.06237584352493286
2 0.8435994386672974 0.31986743211746216 0.02636277675628662 0.0851682722568512
2 0.07799768447875977 0.35200801491737366 0.03040201961994171 0.059127628803253174
3 0.6675657033920288 0.05113549530506134 0.016255557537078857 0.058718159794807434
3 0.6927735805511475 0.05037973076105118 0.023368537425994873 0.06246916949748993
2 0.27441179752349854 0.3193577229976654 0.012895196676254272 0.05212545394897461
0 0.5284585356712341 0.4273352026939392 0.1518574059009552 0.2376411259174347
0 0.3622368574142456 0.3612739145755768 0.12906131148338318 0.0866461992263794
3 0.37029534578323364 0.13684719800949097 0.012946993112564087 0.04267750680446625
3 0.6990792751312256 0.04818802699446678 0.049066364765167236 0.0686405822634697
0 0.5 0.8461931943893433 1.0 0.30761367082595825
3 0.3612298369407654 0.13652344048023224 0.023429781198501587 0.04456549137830734
3 0.34290653467178345 0.13530844449996948 0.01530522108078003 0.04152902960777283
3 0.7131755948066711 0.048228919506073 0.021662473678588867 0.06013774871826172
3 0.3669089078903198 0.1371576339006424 0.019362539052963257 0.043548278510570526
0 0.5313833355903625 0.7337735891342163 0.14897024631500244 0.08157974481582642
