2 0.1496257334947586 0.49547648429870605 0.03660458326339722 0.14393329620361328
0 0.7362669110298157 0.5372618436813354 0.07939779758453369 0.06999951601028442
0 0.6925190687179565 0.5269600749015808 0.061528801918029785 0.06308791041374207
0 0.6575472354888916 0.5243312120437622 0.04234367609024048 0.05229395627975464
2 0.5774688720703125 0.4182046949863434 0.0293542742729187 0.0395391583442688
0 0.14916710555553436 0.46605151891708374 0.11908385902643204 0.08206561207771301
3 0.3060951232910156 0.25971490144729614 0.014849662780761719 0.062288373708724976
0 0.8042060136795044 0.5428110361099243 0.09061163663864136 0.09926623106002808
0 0.4514833688735962 0.5002163052558899 0.03434744477272034 0.03926602005958557
0 0.04738970100879669 0.46052858233451843 0.09477940201759338 0.10481637716293335
2 0.5442907810211182 0.4028381407260895 0.02741450071334839 0.05797898769378662
3 0.894142746925354 0.22885878384113312 0.017982661724090576 0.06488361954689026
