3 0.3145003318786621 0.17705687880516052 0.025856584310531616 0.09455136954784393
3 0.479186475276947 0.18732590973377228 0.023731499910354614 0.08947962522506714
3 0.7806609869003296 0.241733118891716 0.023708760738372803 0.09231558442115784
0 0.12691141664981842 0.5653894543647766 0.045223645865917206 0.03801131248474121
0 0.4417587220668793 0.5890835523605347 0.04825878143310547 0.029952526092529297
3 0.014832470566034317 0.45637673139572144 0.014629505574703217 0.03052195906639099
0 0.5805113315582275 0.6125863790512085 0.05211871862411499 0.04970282316207886
3 0.8616426587104797 0.5317071676254272 0.03135967254638672 0.03702402114868164
0 0.25279873609542847 0.5951792001724243 0.051556870341300964 0.04772603511810303
3 0.8668012619018555 0.5316441059112549 0.02047175168991089 0.03507190942764282
3 0.8677570819854736 0.4432673454284668 0.020862042903900146 0.057438552379608154
0 0.30316558480262756 0.5831488370895386 0.0313335657119751 0.03945058584213257
0 0.5542862415313721 0.6025662422180176 0.043368518352508545 0.050662994384765625
3 0.34830334782600403 0.498055100440979 0.020757079124450684 0.015274792909622192
3 0.030214831233024597 0.3644484281539917 0.023886770009994507 0.06394988298416138
