2 0.7887165546417236 0.5963383913040161 0.07265323400497437 0.27435532212257385
2 0.964333176612854 0.6486111879348755 0.07133370637893677 0.3875430226325989
0 0.8346487283706665 0.5362704992294312 0.2554367184638977 0.19727137684822083
3 0.31264960765838623 0.0877598449587822 0.024411261081695557 0.07670633494853973
0 0.5343314409255981 0.5997612476348877 0.3005009591579437 0.394827663898468
0 0.10321827232837677 0.47887420654296875 0.05332355946302414 0.06107747554779053
3 0.332197904586792 0.08495517075061798 0.02830830216407776 0.08066731691360474
3 0.3366476595401764 0.08483283966779709 0.019386887550354004 0.07833124697208405
3 0.3192044496536255 0.08624998480081558 0.037199586629867554 0.08022405207157135
0 0.016176695004105568 0.4865033030509949 0.032353390008211136 0.09690043330192566
0 0.14466875791549683 0.47071152925491333 0.04864726960659027 0.060483574867248535
0 0.21859481930732727 0.48535728454589844 0.10727609694004059 0.1290525197982788
2 0.7528756260871887 0.43565231561660767 0.0218508243560791 0.0785311758518219
