0 0.44773006439208984 0.70423823595047 0.3070319592952728 0.4018993377685547
0 0.2171500027179718 0.5923425555229187 0.17969746887683868 0.09384822845458984
3 0.9351290464401245 0.15033145248889923 0.036596477031707764 0.12430992722511292
0 0.8223050832748413 0.6886690258979797 0.35488206148147583 0.36786389350891113
3 0.011133309453725815 0.2844368517398834 0.02226661890745163 0.07846851646900177
0 0.6200149655342102 0.5432018041610718 0.07522082328796387 0.04205673933029175
3 0.24725788831710815 0.3983321487903595 0.016578733921051025 0.05096888542175293
0 0.03780641034245491 0.7392429113388062 0.07561282068490982 0.3412556052207947
3 0.5020559430122375 0.3944858908653259 0.009918808937072754 0.042388349771499634
0 0.5003033876419067 0.949228048324585 0.9993931651115417 0.10154396295547485
0 0.03786284849047661 0.7757649421691895 0.07572569698095322 0.23823481798171997
2 0.2407914400100708 0.5508317351341248 0.031478509306907654 0.030572891235351562
