2 0.5599111914634705 0.3085889518260956 0.031635284423828125 0.10712695121765137
1 0.559654712677002 0.34556418657302856 0.029475808143615723 0.07644939422607422
0 0.499921590089798 0.840627908706665 0.9997237324714661 0.3187441825866699
0 0.17388275265693665 0.37896719574928284 0.0578722208738327 0.059883296489715576
0 0.91622394323349 0.2798483967781067 0.10249137878417969 0.12190085649490356
0 0.2796660363674164 0.35369840264320374 0.04139137268066406 0.03660106658935547
0 0.04488306865096092 0.4080204963684082 0.0896863117814064 0.1144077479839325
0 0.9750722646713257 0.2989630401134491 0.04985541105270386 0.22406883537769318
2 0.5096457600593567 0.31858083605766296 0.0186614990234375 0.07859921455383301
0 0.1116233617067337 0.3864225149154663 0.07358711957931519 0.08859625458717346
0 0.23653100430965424 0.35855594277381897 0.028646200895309448 0.02976936101913452
0 0.4076286554336548 0.33204713463783264 0.03023633360862732 0.04448014497756958
3 0.3840191960334778 0.2567392885684967 0.007630676031112671 0.0175054669380188
