2 0.8365386724472046 0.5339657068252563 0.041044652462005615 0.17446625232696533
2 0.384598970413208 0.5535077452659607 0.03675156831741333 0.1250334084033966
2 0.7432876825332642 0.525238573551178 0.04693603515625 0.17114174365997314
3 0.5563211441040039 0.3984859585762024 0.020790159702301025 0.04423961043357849
2 0.6182971596717834 0.5314728021621704 0.03498125076293945 0.10982668399810791
3 0.5572364330291748 0.40005767345428467 0.016041934490203857 0.038043826818466187
3 0.5590972900390625 0.39726126194000244 0.027511417865753174 0.050555139780044556
3 0.5388698577880859 0.27768880128860474 0.031067252159118652 0.06332959234714508
3 0.5398313999176025 0.2711220383644104 0.02754610776901245 0.049793437123298645
2 0.24244242906570435 0.5223680734634399 0.01108609139919281 0.03483551740646362
2 0.5858404636383057 0.5289747714996338 0.0361902117729187 0.1120714545249939
