2 0.7354825735092163 0.4995560050010681 0.02057105302810669 0.06943169236183167
3 0.5675984621047974 0.34735536575317383 0.01678711175918579 0.032332420349121094
0 0.8682956695556641 0.5371466875076294 0.18672162294387817 0.1695198118686676
2 0.7143219113349915 0.49119845032691956 0.017513632774353027 0.055357277393341064
0 0.6003289222717285 0.48968037962913513 0.042034924030303955 0.03980940580368042
0 0.38696232438087463 0.4802868962287903 0.04683178663253784 0.06333580613136292
2 0.6434037685394287 0.4910676181316376 0.015270054340362549 0.04982846975326538
0 0.9583958387374878 0.5328839421272278 0.08320826292037964 0.33818507194519043
3 0.6573290824890137 0.4304268956184387 0.011265099048614502 0.021885305643081665
2 0.6223958730697632 0.487398624420166 0.011477649211883545 0.04877603054046631
0 0.10721685737371445 0.5089624524116516 0.17281083762645721 0.1648099720478058
