0 0.7222335934638977 0.4143311381340027 0.15682530403137207 0.13528373837471008
3 0.8186025619506836 0.2155390977859497 0.01391446590423584 0.051792144775390625
0 0.3677537441253662 0.40378499031066895 0.018983185291290283 0.037951648235321045
0 0.49689340591430664 0.4102625846862793 0.05202600359916687 0.09852609038352966
3 0.3080882430076599 0.2533724904060364 0.010412424802780151 0.036738887429237366
3 0.5285283327102661 0.2088296115398407 0.011307060718536377 0.03349609673023224
0 0.49988916516304016 0.858454704284668 0.9993775486946106 0.28309059143066406
0 0.428488165140152 0.44291579723358154 0.13233745098114014 0.1885536015033722
0 0.8908125162124634 0.38202202320098877 0.21837490797042847 0.20315441489219666
0 0.5346866846084595 0.39244842529296875 0.03513842821121216 0.052639663219451904
3 0.5305595397949219 0.20675581693649292 0.016031920909881592 0.03969697654247284
2 0.29560190439224243 0.3824547827243805 0.013853847980499268 0.03737795352935791
