3 0.9771021008491516 0.10838823765516281 0.024290800094604492 0.061988428235054016
3 0.5717141628265381 0.19871796667575836 0.01083606481552124 0.04061692953109741
0 0.49901801347732544 0.4290050268173218 0.15767422318458557 0.09063264727592468
0 0.9886362552642822 0.48543208837509155 0.022727549076080322 0.058487504720687866
3 0.15433116257190704 0.10586932301521301 0.01944059133529663 0.052273429930210114
0 0.016142789274454117 0.42172521352767944 0.032285578548908234 0.15303286910057068
0 0.954801619052887 0.4229468107223511 0.09039676189422607 0.0664234459400177
3 0.17303615808486938 0.10828405618667603 0.01670689880847931 0.050875283777713776
0 0.42968910932540894 0.4044976234436035 0.04022541642189026 0.0427815318107605
3 0.17397330701351166 0.27262845635414124 0.014569640159606934 0.04086965322494507
