0 0.5003722906112671 0.8632204532623291 0.9992554783821106 0.2735000252723694
3 0.9187009930610657 0.0797049030661583 0.06011605262756348 0.1130497008562088
3 0.7860804200172424 0.1655276119709015 0.027509450912475586 0.09047253429889679
0 0.04884527623653412 0.4695095121860504 0.03302153944969177 0.05242574214935303
0 0.38481080532073975 0.40673840045928955 0.04516643285751343 0.04786756634712219
0 0.43832892179489136 0.40469685196876526 0.06798151135444641 0.06660234928131104
0 0.18916039168834686 0.49207115173339844 0.2623225152492523 0.38483747839927673
2 0.47809213399887085 0.3770267367362976 0.013831883668899536 0.04323616623878479
3 0.18060988187789917 0.204478457570076 0.017864331603050232 0.06537038087844849
3 0.7770676016807556 0.1870488077402115 0.015875816345214844 0.04924246668815613
