2 0.27734071016311646 0.8463064432144165 0.02348366379737854 0.08781397342681885
3 0.8290741443634033 0.4518553912639618 0.020401179790496826 0.06940364837646484
0 0.6681592464447021 0.8295968174934387 0.056417763233184814 0.05757403373718262
3 0.3045889437198639 0.34493914246559143 0.024707436561584473 0.11021214723587036
3 0.3290058672428131 0.3585144877433777 0.02993708848953247 0.09836572408676147
2 0.9191118478775024 0.8183523416519165 0.021295547485351562 0.06438452005386353
3 0.49648141860961914 0.7515824437141418 0.010898441076278687 0.01890242099761963
3 0.318314790725708 0.3492932617664337 0.051820188760757446 0.11801564693450928
2 0.36348897218704224 0.8266074657440186 0.015225321054458618 0.051396191120147705
2 0.32908540964126587 0.8228204846382141 0.012780100107192993 0.03421592712402344
1 0.5804473161697388 0.8308170437812805 0.020305156707763672 0.0286715030670166
2 0.8651963472366333 0.8321365714073181 0.03256779909133911 0.09372138977050781
