0 0.39188438653945923 0.5115779638290405 0.0712747573852539 0.08785933256149292
2 0.9594202041625977 0.5938924551010132 0.042403995990753174 0.16887015104293823
3 0.30139458179473877 0.042781535536050797 0.01717168092727661 0.07665390521287918
2 0.1288984715938568 0.4906257688999176 0.03488893806934357 0.14874380826950073
3 0.9636832475662231 0.017244696617126465 0.056531310081481934 0.03448939323425293
2 0.29578447341918945 0.48456403613090515 0.018788516521453857 0.0558132529258728
2 0.27018097043037415 0.4865065813064575 0.01807314157485962 0.05881825089454651
2 0.4177497923374176 0.4730636477470398 0.016316771507263184 0.0461173951625824
1 0.9887117147445679 0.6511572599411011 0.022576630115509033 0.11199229955673218
3 0.9554699063301086 0.015849029645323753 0.04009974002838135 0.03169805929064751
0 0.4875437021255493 0.48844265937805176 0.017371386289596558 0.027016639709472656
0 0.512515664100647 0.499805748462677 0.033463120460510254 0.030988693237304688
1 0.8569898009300232 0.608089804649353 0.11522102355957031 0.11817222833633423
2 0.39035648107528687 0.4574340879917145 0.020234674215316772 0.02635592222213745
1 0.12730105221271515 0.52750563621521 0.034905076026916504 0.08488929271697998
1 0.11879584193229675 0.5256097912788391 0.05288463085889816 0.08922159671783447
