1 0.068011075258255 0.6060651540756226 0.13602215051651 0.24955615401268005
2 0.06678678840398788 0.48374488949775696 0.13357357680797577 0.4313381314277649
2 0.3004099130630493 0.5067728161811829 0.0626588761806488 0.21473780274391174
3 0.9466217160224915 0.32478776574134827 0.04446220397949219 0.06843823194503784
0 0.30803751945495605 0.5063208341598511 0.09146827459335327 0.1148439347743988
2 0.6781843900680542 0.571060299873352 0.06304949522018433 0.20314371585845947
2 0.9787496328353882 0.550716757774353 0.04250067472457886 0.21731814742088318
0 0.2634786069393158 0.4879821538925171 0.06593208014965057 0.09973552823066711
2 0.6385357975959778 0.5496045351028442 0.0381244421005249 0.20543578267097473
2 0.7204822301864624 0.541265606880188 0.03629559278488159 0.16818934679031372
