0 0.43880969285964966 0.752638578414917 0.44904661178588867 0.49446648359298706
3 0.2288319617509842 0.05246502161026001 0.054350048303604126 0.10493004322052002
3 0.5461982488632202 0.30542516708374023 0.01620572805404663 0.06020087003707886
2 0.05860656499862671 0.5750360488891602 0.021573547273874283 0.09811097383499146
0 0.2901563048362732 0.5930343866348267 0.08729657530784607 0.12328547239303589
3 0.8184894323348999 0.4345484972000122 0.01594752073287964 0.05634233355522156
2 0.2215224951505661 0.5716344714164734 0.016239404678344727 0.0618133544921875
3 0.10605385899543762 0.4259898066520691 0.014941401779651642 0.052775174379348755
0 0.9608409404754639 0.6141347885131836 0.07831817865371704 0.16508829593658447
3 0.4541560411453247 0.44874775409698486 0.008717149496078491 0.0389915406703949
3 0.18487486243247986 0.49271976947784424 0.01325555145740509 0.02332189679145813
3 0.7155611515045166 0.4456008970737457 0.015335500240325928 0.05409109592437744
0 0.9326919317245483 0.5765162706375122 0.1346161961555481 0.10506284236907959
3 0.7165526151657104 0.4584752023220062 0.013120830059051514 0.029275894165039062
2 0.3897037208080292 0.6040314435958862 0.0927877426147461 0.08982974290847778
