2 0.6834856271743774 0.635112464427948 0.026733756065368652 0.08990287780761719
0 0.47176992893218994 0.6559270024299622 0.06477716565132141 0.08625733852386475
2 0.7817496061325073 0.6369273066520691 0.02920973300933838 0.10268020629882812
2 0.8010604381561279 0.6256210803985596 0.03027862310409546 0.10666948556900024
3 0.2869945168495178 0.48633038997650146 0.01976671814918518 0.08508089184761047
2 0.3332199454307556 0.6809728145599365 0.0260256826877594 0.1052621603012085
3 0.4026733338832855 0.5146361589431763 0.011987686157226562 0.0364953875541687
2 0.36297303438186646 0.6806385517120361 0.03036835789680481 0.11160355806350708
2 0.12663424015045166 0.6818877458572388 0.02237437665462494 0.11508387327194214
0 0.5857574939727783 0.5802162885665894 0.022663891315460205 0.019491612911224365
2 0.30946195125579834 0.6797032356262207 0.021429389715194702 0.110676109790802
2 0.7196788787841797 0.6298074722290039 0.02231752872467041 0.06789523363113403
3 0.7273867726325989 0.466428279876709 0.015605926513671875 0.056503474712371826
