0 0.07944923639297485 0.6843674182891846 0.1588984727859497 0.26727908849716187
2 0.965846836566925 0.6701489686965942 0.03832972049713135 0.16429150104522705
0 0.32261791825294495 0.6125675439834595 0.08546894788742065 0.12897318601608276
2 0.13053520023822784 0.5835174322128296 0.03306696563959122 0.1048973798751831
2 0.849622368812561 0.6528308987617493 0.030169665813446045 0.11759698390960693
2 0.15406596660614014 0.5899365544319153 0.024105429649353027 0.10588550567626953
2 0.8147652745246887 0.6470729112625122 0.02599465847015381 0.13880473375320435
3 0.904037356376648 0.4907922148704529 0.02937871217727661 0.04482671618461609
0 0.942764401435852 0.6491778492927551 0.11324900388717651 0.10248899459838867
2 0.206989124417305 0.5834395289421082 0.022192388772964478 0.08259296417236328
2 0.9944791793823242 0.6842430830001831 0.011041641235351562 0.1370576024055481
2 0.2298368215560913 0.5792026519775391 0.018632739782333374 0.07251203060150146
0 0.3747727870941162 0.9545321464538574 0.749081015586853 0.09093570709228516
3 0.05090569704771042 0.4001476764678955 0.017390083521604538 0.06387966871261597
3 0.5075474977493286 0.42619335651397705 0.009546816349029541 0.032111555337905884
2 0.7864354848861694 0.6296664476394653 0.019544899463653564 0.08137810230255127
2 0.03140556067228317 0.5418537259101868 0.027722949162125587 0.03905177116394043
2 0.051108796149492264 0.5428237915039062 0.021818839013576508 0.04034537076950073
2 0.010768433101475239 0.5324887037277222 0.021495679393410683 0.04569101333618164
