0 0.9248331189155579 0.44515472650527954 0.15027081966400146 0.30165159702301025
0 0.8072109222412109 0.4084444046020508 0.19469290971755981 0.19014108180999756
0 0.43055763840675354 0.3947102427482605 0.0493847131729126 0.0692048966884613
2 0.5252243280410767 0.378427654504776 0.020277678966522217 0.06389093399047852
0 0.1941613256931305 0.4003334939479828 0.09010268747806549 0.08558732271194458
3 0.5373983979225159 0.20466157793998718 0.01824164390563965 0.040812596678733826
0 0.4836542010307312 0.38097381591796875 0.03745421767234802 0.0412926971912384
0 0.24139553308486938 0.39450666308403015 0.03395356237888336 0.04378652572631836
0 0.5561606884002686 0.3831232488155365 0.051482975482940674 0.06782150268554688
2 0.3940693140029907 0.3795698285102844 0.007893651723861694 0.025539487600326538
2 0.40241044759750366 0.39000940322875977 0.016618162393569946 0.0469910204410553
