2 0.9686969518661499 0.48285073041915894 0.05387002229690552 0.18221703171730042
0 0.44173920154571533 0.5656070709228516 0.1011747419834137 0.14524555206298828
3 0.4434506297111511 0.13627102971076965 0.04016759991645813 0.08912277966737747
2 0.7113384008407593 0.49448108673095703 0.036668598651885986 0.12142407894134521
2 0.5773471593856812 0.4956526756286621 0.019614756107330322 0.06765079498291016
2 0.06979720294475555 0.5815706849098206 0.015979323536157608 0.052342772483825684
0 0.026144299656152725 0.5941619873046875 0.05228620022535324 0.09464854001998901
0 0.28049761056900024 0.5386232137680054 0.04493704438209534 0.05417919158935547
3 0.43893662095069885 0.39558547735214233 0.012895941734313965 0.029986649751663208
2 0.6575429439544678 0.48081403970718384 0.023401081562042236 0.06809690594673157
2 0.7550859451293945 0.4700045585632324 0.023720920085906982 0.08477437496185303
2 0.6388614773750305 0.4850146770477295 0.020122289657592773 0.06845244765281677
0 0.3084568381309509 0.5288234353065491 0.025239497423171997 0.026471376419067383
3 0.44094571471214294 0.3962092399597168 0.00975799560546875 0.02782648801803589
