3 0.05914951488375664 0.09549689292907715 0.03384103626012802 0.08677784353494644
3 0.3167072832584381 0.06159203127026558 0.022086918354034424 0.09302955120801926
0 0.839657187461853 0.5311634540557861 0.041517674922943115 0.03032737970352173
0 0.9269904494285583 0.5084477663040161 0.020328521728515625 0.023255527019500732
0 0.5416527986526489 0.5661249756813049 0.05915182828903198 0.06084859371185303
3 0.16860488057136536 0.010574454441666603 0.02128911018371582 0.021148908883333206
0 0.42781496047973633 0.5627574920654297 0.05730116367340088 0.033937275409698486
3 0.8438526391983032 0.325465589761734 0.01274794340133667 0.04779994487762451
0 0.48936596512794495 0.5607067346572876 0.05503576993942261 0.05012112855911255
3 0.8625830411911011 0.32179510593414307 0.014999806880950928 0.05192789435386658
