0 0.3038000762462616 0.5384361743927002 0.1636839061975479 0.18870776891708374
0 0.8391858339309692 0.6150699853897095 0.32162827253341675 0.3311300575733185
0 0.5000863075256348 0.9069304466247559 0.9998273849487305 0.18611204624176025
0 0.6994884610176086 0.5319516062736511 0.11813223361968994 0.18422982096672058
2 0.16416454315185547 0.5126792788505554 0.03632044792175293 0.10496708750724792
3 0.640164315700531 0.21230077743530273 0.029998779296875 0.06063929200172424
3 0.13893255591392517 0.4214686453342438 0.023186102509498596 0.03904616832733154
3 0.6353920102119446 0.21315203607082367 0.020854592323303223 0.05969095230102539
3 0.13377392292022705 0.423368364572525 0.015521198511123657 0.03683203458786011
0 0.4090656042098999 0.4976196885108948 0.027810484170913696 0.08608177304267883
3 0.6593551635742188 0.21181336045265198 0.021697402000427246 0.05630199611186981
3 0.41394397616386414 0.330777645111084 0.018580913543701172 0.033500850200653076
