2 0.9456559419631958 0.6382128000259399 0.04774874448776245 0.11898189783096313
0 0.4581146836280823 0.6067960262298584 0.1812230348587036 0.2601732611656189
1 0.2872883379459381 0.5301195383071899 0.02745819091796875 0.06662443280220032
0 0.6803412437438965 0.6249299049377441 0.11605322360992432 0.13595789670944214
0 0.9425948858261108 0.806172251701355 0.11481016874313354 0.35481148958206177
0 0.05009728670120239 0.47709983587265015 0.10019457340240479 0.2007445991039276
2 0.2888083755970001 0.49804946780204773 0.029200732707977295 0.10031396150588989
3 0.3464913070201874 0.33766376972198486 0.020339488983154297 0.039290398359298706
2 0.6267351508140564 0.5792609453201294 0.019794464111328125 0.04899883270263672
0 0.7883725166320801 0.6813336610794067 0.2069917917251587 0.2027343511581421
2 0.10160975903272629 0.4709303081035614 0.022923842072486877 0.10912460088729858
0 0.2101580798625946 0.4986761808395386 0.11491413414478302 0.1165795624256134
0 0.34072262048721313 0.5242102742195129 0.0434548556804657 0.048640042543411255
2 0.5787860155105591 0.5721381306648254 0.014385402202606201 0.04528021812438965
3 0.3406949043273926 0.3373679518699646 0.012806355953216553 0.03894275426864624
2 0.10095260292291641 0.45567721128463745 0.021480366587638855 0.07753488421440125
2 0.7016814947128296 0.55751633644104 0.015100300312042236 0.0228956937789917
1 0.9123904705047607 0.6927616596221924 0.042370378971099854 0.06851857900619507
2 0.15352973341941833 0.4985746741294861 0.027220651507377625 0.0689074695110321
