0 0.5674799084663391 0.530232310295105 0.4374969005584717 0.28607386350631714
2 0.8065086603164673 0.5267785787582397 0.0861126184463501 0.41470539569854736
2 0.699995756149292 0.5285225510597229 0.09265774488449097 0.4345376193523407
2 0.9200729131698608 0.4336208403110504 0.04078274965286255 0.17084616422653198
3 0.5629732608795166 0.08694201707839966 0.021035969257354736 0.09139517694711685
0 0.5 0.8816080093383789 1.0 0.23678404092788696
3 0.03951708599925041 0.23328061401844025 0.02890043891966343 0.05374869704246521
2 0.33167630434036255 0.4869808852672577 0.023910820484161377 0.08311551809310913
2 0.3498453199863434 0.4860585331916809 0.022922873497009277 0.08647945523262024
0 0.9135652780532837 0.4538382589817047 0.17229443788528442 0.0939294695854187
3 0.5760464668273926 0.23632359504699707 0.025096893310546875 0.04726545512676239
2 0.2675144672393799 0.49125421047210693 0.024531841278076172 0.09337484836578369
2 0.2863377630710602 0.48813503980636597 0.01868915557861328 0.09134098887443542
3 0.5622696876525879 0.24645563960075378 0.05457592010498047 0.06112577021121979
2 0.24282005429267883 0.49645739793777466 0.026103362441062927 0.09197998046875
3 0.5504249334335327 0.24660590291023254 0.0321771502494812 0.053096964955329895
0 0.7145812511444092 0.5139666795730591 0.14270752668380737 0.2580341398715973
0 0.10666348040103912 0.5002464056015015 0.03274693340063095 0.034232914447784424
3 0.6542426347732544 0.34076201915740967 0.01212698221206665 0.03226479887962341
