3 0.4171234965324402 0.03603460267186165 0.03513643145561218 0.0720692053437233
0 0.26203805208206177 0.5212844610214233 0.046484559774398804 0.04768812656402588
0 0.038043636828660965 0.5482119917869568 0.05392984300851822 0.04294443130493164
1 0.0935359001159668 0.5584575533866882 0.05410810559988022 0.09106254577636719
2 0.09510690718889236 0.5274795293807983 0.04195865988731384 0.11585742235183716
0 0.5 0.898208737373352 1.0 0.20358246564865112
0 0.41182300448417664 0.5166265368461609 0.018766403198242188 0.059468239545822144
2 0.11687378585338593 0.5237396955490112 0.02895023673772812 0.10981065034866333
0 0.1179502010345459 0.5327585339546204 0.09420531243085861 0.07961571216583252
3 0.14244094491004944 0.34339484572410583 0.01591445505619049 0.038881778717041016
2 0.5030955672264099 0.46278780698776245 0.026848822832107544 0.05094072222709656
