3 0.3439601957798004 0.23688054084777832 0.0331156849861145 0.07977038621902466
3 0.2610185146331787 0.23416343331336975 0.021871089935302734 0.07817979156970978
3 0.17496828734874725 0.23229625821113586 0.02312183380126953 0.08104395866394043
3 0.7725751996040344 0.11898285150527954 0.029273271560668945 0.11503636837005615
3 0.8551511764526367 0.06288281828165054 0.0367351770401001 0.12564022839069366
0 0.40835094451904297 0.5189261436462402 0.05431666970252991 0.062133610248565674
0 0.4434950351715088 0.5226353406906128 0.0249880850315094 0.04139125347137451
3 0.693500816822052 0.4106186032295227 0.010071396827697754 0.02342015504837036
0 0.4856007695198059 0.5151894092559814 0.05086851119995117 0.05938407778739929
3 0.42353785037994385 0.2517560124397278 0.01830044388771057 0.07237687706947327
