0 0.2043778896331787 0.5733498334884644 0.0755704790353775 0.03843158483505249
3 0.729424238204956 0.4229263365268707 0.020239830017089844 0.035240352153778076
3 0.6560074090957642 0.4274701476097107 0.012921690940856934 0.033181458711624146
0 0.9266067743301392 0.6108729839324951 0.1467863917350769 0.1608554720878601
0 0.05519349128007889 0.5638419389724731 0.05165878310799599 0.01761925220489502
0 0.41798946261405945 0.5848780274391174 0.05322378873825073 0.05151689052581787
0 0.5102497339248657 0.6319921612739563 0.1740364134311676 0.21896421909332275
0 0.33584481477737427 0.5589110851287842 0.032926857471466064 0.023640930652618408
3 0.20027115941047668 0.3878750205039978 0.02824386954307556 0.04790332913398743
3 0.28372782468795776 0.3901209831237793 0.01778307557106018 0.04600590467453003
3 0.3909648656845093 0.3927980661392212 0.01665446162223816 0.044417113065719604
0 0.8301523923873901 0.5987727642059326 0.08696967363357544 0.09546464681625366
3 0.47740763425827026 0.4396947920322418 0.015184968709945679 0.033737361431121826
3 0.6108843088150024 0.4294525980949402 0.012283146381378174 0.03182294964790344
3 0.4460658133029938 0.3952522277832031 0.015832126140594482 0.043824851512908936
3 0.13161222636699677 0.3855457901954651 0.016957662999629974 0.047339051961898804
3 0.529485821723938 0.43544483184814453 0.012175559997558594 0.03380623459815979
3 0.07640282809734344 0.428169846534729 0.009505562484264374 0.015670031309127808
0 0.8377863168716431 0.5513218641281128 0.05896413326263428 0.023565709590911865
0 0.00412779813632369 0.5722307562828064 0.00825559627264738 0.027898311614990234
