3 0.6518343091011047 0.5311954617500305 0.0194549560546875 0.05531942844390869
3 0.5506933927536011 0.524112343788147 0.019931375980377197 0.057006269693374634
0 0.688317596912384 0.7850998044013977 0.1590566635131836 0.10528624057769775
3 0.36963415145874023 0.5121772289276123 0.020065486431121826 0.05808150768280029
0 0.5713006258010864 0.7671612501144409 0.06232088804244995 0.04511493444442749
3 0.4423152804374695 0.5168652534484863 0.019908040761947632 0.05840858817100525
0 0.8249000310897827 0.7706836462020874 0.10076659917831421 0.06793296337127686
0 0.4752456843852997 0.7617897987365723 0.050021469593048096 0.04987943172454834
0 0.34319227933883667 0.7794476747512817 0.08404436707496643 0.09778249263763428
3 0.11591576039791107 0.6259396076202393 0.015399031341075897 0.034324824810028076
0 0.25178515911102295 0.7608700394630432 0.024128854274749756 0.024460792541503906
3 0.2648545503616333 0.6071302890777588 0.015171736478805542 0.03737002611160278
2 0.7772468328475952 0.7358247637748718 0.018208205699920654 0.021318435668945312
0 0.7497564554214478 0.7680226564407349 0.06901931762695312 0.08348673582077026
0 0.6272354125976562 0.7531225681304932 0.022404849529266357 0.026347696781158447
3 0.3943866491317749 0.5113285183906555 0.031448572874069214 0.03295782208442688
0 0.43327561020851135 0.7573121786117554 0.01845186948776245 0.02152329683303833
2 0.5941941738128662 0.7465251684188843 0.009619712829589844 0.01668369770050049
3 0.49294090270996094 0.6848515272140503 0.027397722005844116 0.03697329759597778
2 0.684218168258667 0.5933067798614502 0.030700862407684326 0.059264957904815674
