2 0.34847431182861327 0.47517642974853513 0.22904062271118164 0.8376640319824219
2 0.8305908203125 0.5016062736511231 0.1890544891357422 0.7058748245239258
0 0.24476723670959472 0.6756466865539551 0.11481513977050781 0.07984333038330078
4 0.956789779663086 0.7210878372192383 0.01636505126953125 0.041337203979492185
1 0.8295804023742676 0.7038363456726074 0.13626556396484374 0.4785175323486328
2 0.7460857391357422 0.6770410537719727 0.026682090759277344 0.09041290283203125
4 0.45213994979858396 0.7082660675048829 0.012619972229003906 0.030121231079101564
2 0.6433581352233887 0.6773005485534668 0.017779541015625 0.056624221801757815
4 0.8899148941040039 0.7188983917236328 0.021635055541992188 0.05388298034667969
1 0.35060718059539797 0.6935091018676758 0.31055417060852053 0.6071830749511719
2 0.7270047664642334 0.6836880683898926 0.014695167541503906 0.04347972869873047
4 0.45301027297973634 0.7042341232299805 0.01407794952392578 0.03720731735229492
0 0.16224269866943358 0.6614543914794921 0.04153518676757813 0.02593860626220703
