2 0.34974021911621095 0.47522387504577634 0.2276461601257324 0.8378266334533692
2 0.8195624351501465 0.501358938217163 0.16676292419433594 0.7054707527160644
4 0.9568443298339844 0.721228551864624 0.017626190185546876 0.042065906524658206
0 0.24695086479187012 0.6755442142486572 0.11763781309127808 0.07975349426269532
1 0.8298275947570801 0.7033803939819336 0.13555526733398438 0.478533935546875
2 0.7458752632141114 0.6784378051757812 0.027465152740478515 0.08654518127441406
4 0.4523789405822754 0.709389066696167 0.01333789825439453 0.029317855834960938
2 0.6442047119140625 0.6775005340576172 0.019452476501464845 0.057141685485839845
1 0.3503543853759766 0.6928833484649658 0.3109722137451172 0.607787799835205
2 0.7267214775085449 0.6842151641845703 0.014511489868164062 0.043007850646972656
0 0.1620091438293457 0.6616644859313965 0.04202451705932617 0.026169395446777342
0 0.22331948280334474 0.6754379272460938 0.07019877433776855 0.07941131591796875
4 0.8897748947143554 0.7137301445007325 0.02191009521484375 0.06416749954223633
