2 0.3513251543045044 0.47498064041137694 0.22312674522399903 0.8380109786987304
2 0.8228909492492675 0.5022584915161132 0.17394618988037108 0.7078304290771484
0 0.2454295873641968 0.6756216526031494 0.11470637321472169 0.07965021133422852
1 0.8309096336364746 0.7043895721435547 0.13351154327392578 0.4775341033935547
2 0.745928144454956 0.6798392295837402 0.026404285430908205 0.08421649932861328
4 0.9572073936462402 0.7213621616363526 0.016478729248046876 0.04242792129516602
2 0.6437494277954101 0.6778666019439697 0.01904144287109375 0.057340145111083984
0 0.006554611027240753 0.6219396591186523 0.013109222054481506 0.025706672668457033
2 0.7268102645874024 0.6832499504089355 0.0153289794921875 0.04417705535888672
0 0.16271538734436036 0.6611521244049072 0.04179568290710449 0.025313186645507812
1 0.3504638671875 0.6943417072296143 0.3103338241577148 0.6048190116882324
