0 0.44530048966407776 0.6776299476623535 0.052260756492614746 0.062412917613983154
0 0.6164190769195557 0.6905651092529297 0.10231006145477295 0.09708625078201294
0 0.5675078630447388 0.665993332862854 0.030695319175720215 0.03828316926956177
0 0.40251389145851135 0.6893399953842163 0.06068629026412964 0.0872160792350769
0 0.7473723888397217 0.6586813926696777 0.09324508905410767 0.05908393859863281
3 0.5914168357849121 0.5436571836471558 0.009826302528381348 0.028150737285614014
3 0.535901665687561 0.5477504730224609 0.010310173034667969 0.027207553386688232
3 0.6880398988723755 0.6055132150650024 0.009643197059631348 0.02091282606124878
0 0.5004346966743469 0.6644301414489746 0.04751130938529968 0.04232388734817505
3 0.8045363426208496 0.5786283016204834 0.016228318214416504 0.03291362524032593
0 0.41639214754104614 0.6885067224502563 0.03196144104003906 0.08374631404876709
0 0.5396392345428467 0.6615880131721497 0.016563832759857178 0.022887468338012695
3 0.6951977014541626 0.526031494140625 0.01674753427505493 0.03961247205734253
3 0.731677770614624 0.5715703964233398 0.021592676639556885 0.03467452526092529
0 0.2047707885503769 0.6644812822341919 0.4095415771007538 0.5121275186538696
