3 0.572090744972229 0.2785186767578125 0.049211859703063965 0.12819546461105347
0 0.34427422285079956 0.6975173950195312 0.28785213828086853 0.2950010895729065
0 0.04898644611239433 0.5919181108474731 0.09797289222478867 0.11739522218704224
3 0.09518236666917801 0.45496416091918945 0.01970253884792328 0.046815305948257446
3 0.6477950215339661 0.35460934042930603 0.040403008460998535 0.07359886169433594
0 0.7729269862174988 0.598741352558136 0.1586627960205078 0.07026445865631104
0 0.4990812838077545 0.9481884241104126 0.998162567615509 0.10344773530960083
3 0.5490697026252747 0.3975427746772766 0.02752995491027832 0.08318614959716797
3 0.48817959427833557 0.4773714542388916 0.020689964294433594 0.046173930168151855
0 0.20542380213737488 0.5857579708099365 0.12417273223400116 0.11666476726531982
0 0.6802181005477905 0.5757871866226196 0.06588095426559448 0.04595506191253662
3 0.5289536714553833 0.37892141938209534 0.01842576265335083 0.041706204414367676
