0 0.1720186471939087 0.5329886674880981 0.3440372943878174 0.3099075257778168
2 0.6720588207244873 0.5101783871650696 0.13441115617752075 0.26109692454338074
2 0.6454818844795227 0.5076578259468079 0.08436989784240723 0.2509100139141083
2 0.5569329261779785 0.47944900393486023 0.017337799072265625 0.047528088092803955
1 0.5565204620361328 0.4929633140563965 0.01750868558883667 0.0329572856426239
1 0.6696441769599915 0.6191814541816711 0.13523352146148682 0.24802055954933167
0 0.7806318998336792 0.9798658490180969 0.4387362599372864 0.04026830196380615
2 0.43575364351272583 0.4705556035041809 0.02128046751022339 0.04838484525680542
1 0.43056613206863403 0.4826747477054596 0.023513704538345337 0.04228097200393677
2 0.3720923662185669 0.4684981107711792 0.024322539567947388 0.06557139754295349
1 0.4661598205566406 0.48995131254196167 0.02513331174850464 0.04521188139915466
1 0.6242376565933228 0.5623036623001099 0.041911780834198 0.13291719555854797
