2 0.11268405616283417 0.43431317806243896 0.04302840679883957 0.16058596968650818
2 0.36347904801368713 0.45490002632141113 0.05583459138870239 0.20705971121788025
0 0.23716771602630615 0.4061791002750397 0.0723361223936081 0.061371445655822754
2 0.3346008360385895 0.43393534421920776 0.030597805976867676 0.13756224513053894
1 0.36089253425598145 0.5296025276184082 0.0558125376701355 0.15535008907318115
0 0.027544865384697914 0.4835052490234375 0.05508973076939583 0.24474236369132996
2 0.048159196972846985 0.4257049560546875 0.04362227022647858 0.14307251572608948
0 0.4263206124305725 0.4166879653930664 0.07802286744117737 0.07056102156639099
0 0.5148738026618958 0.40462368726730347 0.08852958679199219 0.08526155352592468
0 0.8807686567306519 0.41423532366752625 0.1578395962715149 0.09759020805358887
0 0.742581844329834 0.39913201332092285 0.12426793575286865 0.0869796872138977
0 0.979988694190979 0.40415656566619873 0.04002255201339722 0.0629667341709137
3 0.554262638092041 0.22606465220451355 0.0210077166557312 0.07655258476734161
0 0.6201543807983398 0.42342740297317505 0.16006439924240112 0.08032265305519104
0 0.06794750690460205 0.38915854692459106 0.04519323632121086 0.04727572202682495
3 0.42148247361183167 0.34179818630218506 0.010351181030273438 0.026218712329864502
2 0.12903957068920135 0.38825178146362305 0.008519463241100311 0.02977067232131958
