3 0.12346316874027252 0.2520143687725067 0.024943329393863678 0.07543902099132538
2 0.09950602054595947 0.5070682764053345 0.041515447199344635 0.11502847075462341
3 0.24943259358406067 0.28076186776161194 0.019751504063606262 0.0588146448135376
3 0.85893714427948 0.37759554386138916 0.013797223567962646 0.03855368494987488
2 0.9258930683135986 0.4893098771572113 0.029606282711029053 0.0695306658744812
2 0.11902620643377304 0.5101872682571411 0.029213473200798035 0.11186820268630981
2 0.285572350025177 0.4940117299556732 0.02521076798439026 0.06164044141769409
2 0.26450982689857483 0.4998580813407898 0.016514122486114502 0.05121991038322449
0 0.7605770826339722 0.4889492988586426 0.049745023250579834 0.045166969299316406
3 0.5460548400878906 0.40148651599884033 0.011090278625488281 0.030860304832458496
2 0.7899773716926575 0.4977640211582184 0.01701200008392334 0.054947078227996826
0 0.8403571844100952 0.4944971799850464 0.09017711877822876 0.07116183638572693
0 0.04088299721479416 0.5328572988510132 0.08176599442958832 0.2294510006904602
0 0.8909525275230408 0.49270015954971313 0.030364990234375 0.04704391956329346
2 0.6452158093452454 0.4930896759033203 0.024521827697753906 0.07341194152832031
2 0.64412522315979 0.508534848690033 0.022249579429626465 0.04164549708366394
4 0.20245784521102905 0.5153408646583557 0.013420715928077698 0.029442906379699707
1 0.7031591534614563 0.4956570565700531 0.019298791885375977 0.029238879680633545
3 0.3484009802341461 0.3873748779296875 0.012578189373016357 0.03244444727897644
3 0.1472662091255188 0.2598517835140228 0.025981932878494263 0.05516795814037323
3 0.273709237575531 0.2917521595954895 0.019153624773025513 0.030813395977020264
