0 0.31434836983680725 0.7070603370666504 0.12848007678985596 0.12054139375686646
3 0.5537649393081665 0.4623665511608124 0.015655875205993652 0.045439720153808594
0 0.6293412446975708 0.6386831402778625 0.034289002418518066 0.020885705947875977
0 0.9566220045089722 0.6439573168754578 0.08675605058670044 0.09409332275390625
3 0.5184388160705566 0.47671371698379517 0.02417623996734619 0.038109779357910156
0 0.7594413757324219 0.6356769800186157 0.04656475782394409 0.03542882204055786
0 0.007822845131158829 0.6736633777618408 0.015645690262317657 0.03729778528213501
3 0.3300432860851288 0.5926999449729919 0.014776468276977539 0.0206451416015625
3 0.44926682114601135 0.5019635558128357 0.01721346378326416 0.04245921969413757
0 0.7235949635505676 0.639125645160675 0.035572052001953125 0.038294076919555664
3 0.45514851808547974 0.5085586309432983 0.01021653413772583 0.02956455945968628
3 0.45295077562332153 0.5085952877998352 0.013884544372558594 0.030005842447280884
3 0.5745132565498352 0.45606595277786255 0.024469971656799316 0.03184241056442261
