2 0.450164794921875 0.5509800910949707 0.5047124862670899 0.6027097702026367
2 0.07473989725112914 0.5846891403198242 0.14947788715362548 0.2824105262756348
0 0.3167630672454834 0.5933280944824219 0.16150264739990233 0.2026529312133789
0 0.45749917030334475 0.6180065631866455 0.44032821655273435 0.15784635543823242
1 0.46992053985595705 0.6548619270324707 0.311519455909729 0.4438175201416016
0 0.9560491561889648 0.605984115600586 0.08790168762207032 0.12752227783203124
1 0.47409591674804685 0.6507874965667725 0.15593202114105226 0.4528994560241699
0 0.5898890495300293 0.61109299659729 0.16716442108154297 0.15375928878784179
0 0.6704952716827393 0.576533031463623 0.11494550704956055 0.07505683898925782
1 0.4306464195251465 0.6366949081420898 0.4490711212158203 0.3970325469970703
0 0.4666954517364502 0.5792020797729492 0.4571413040161133 0.22878284454345704
0 0.9276169776916504 0.5932333946228028 0.10905933380126953 0.08419246673583984
