2 0.45086870193481443 0.5499660491943359 0.5062908172607422 0.6003047943115234
2 0.07452461123466492 0.5849742889404297 0.14904505014419556 0.2827037811279297
0 0.31758294105529783 0.5919339179992675 0.15943899154663085 0.20682334899902344
0 0.459649658203125 0.621527624130249 0.43556556701660154 0.15488748550415038
1 0.45729827880859375 0.656950044631958 0.280307674407959 0.43999528884887695
1 0.4738790512084961 0.6539762496948243 0.16072409152984618 0.4463310241699219
0 0.9559738159179687 0.6062826156616211 0.0880523681640625 0.12670278549194336
0 0.5905515670776367 0.6142095565795899 0.16544685363769532 0.14590625762939452
0 0.6701361656188964 0.5766052722930908 0.11606712341308593 0.0752060890197754
1 0.45039024353027346 0.6372334003448487 0.3687952280044556 0.3937045097351074
