2 0.4795371055603027 0.536827564239502 0.20360565185546875 0.6991445541381835
4 0.7631398677825928 0.48149833679199217 0.07640638351440429 0.16125450134277344
0 0.08575126528739929 0.4045115947723389 0.17150253057479858 0.23273153305053712
4 0.04850711822509766 0.4976794719696045 0.07031786441802979 0.17664670944213867
1 0.488450288772583 0.7140743255615234 0.30278959274291994 0.49848403930664065
0 0.7742902755737304 0.1559089183807373 0.2507720947265625 0.16840991973876954
2 0.9578115463256835 0.1765940546989441 0.07486286163330078 0.14526522159576416
2 0.16187375783920288 0.2993304252624512 0.0362856388092041 0.11546077728271484
2 0.8048429489135742 0.19325064420700072 0.05322146415710449 0.08654987812042236
0 0.8233125686645508 0.15954620838165284 0.3498229503631592 0.176499605178833
0 0.9543561935424805 0.19253301620483398 0.09128761291503906 0.11218500137329102
