2 0.4792952060699463 0.5371214866638183 0.20329103469848633 0.6997240066528321
4 0.7631145477294922 0.48125514984130857 0.07627410888671875 0.16321752071380616
0 0.08574005961418152 0.40511164665222166 0.17148011922836304 0.2327981948852539
4 0.04848800897598267 0.4980912208557129 0.07114260196685791 0.17684249877929686
1 0.48834867477416993 0.7142072677612304 0.30274381637573244 0.4983219146728516
0 0.7740474700927734 0.15593364238739013 0.25009632110595703 0.16838712692260743
2 0.9579236030578613 0.1766179084777832 0.07571449279785156 0.14508843421936035
2 0.16203237771987916 0.300052547454834 0.036765122413635255 0.11615781784057617
2 0.8050696372985839 0.1931795597076416 0.05372314453125 0.08743147850036621
0 0.9532794952392578 0.1927785634994507 0.09344100952148438 0.1120948314666748
