2 0.4792366027832031 0.5371537685394288 0.20406224727630615 0.6996184349060058
4 0.7630971908569336 0.4798274040222168 0.07620716094970703 0.16582012176513672
0 0.08571587800979615 0.4048933029174805 0.1714317560195923 0.23407535552978515
4 0.04840418100357056 0.4978858470916748 0.06992602348327637 0.17654123306274414
1 0.488399600982666 0.7142397403717041 0.3027215003967285 0.49851503372192385
0 0.7733929634094239 0.15570180416107177 0.2504583358764648 0.16815781593322754
2 0.8046327590942383 0.1920276403427124 0.056687355041503906 0.08637261390686035
2 0.9584281921386719 0.17622790336608887 0.07618694305419922 0.14488797187805175
0 0.9544918060302734 0.19166215658187866 0.09101638793945313 0.11236579418182373
2 0.1620913028717041 0.3002017021179199 0.036011123657226564 0.11567020416259766
2 0.13063559532165528 0.29961795806884767 0.033963131904602054 0.08632431030273438
