0 0.6028330326080322 0.7281884551048279 0.14008158445358276 0.1401233673095703
2 0.8647812008857727 0.6820604801177979 0.03302156925201416 0.10779339075088501
2 0.8053467869758606 0.6846319437026978 0.024425268173217773 0.08775997161865234
0 0.40750837326049805 0.7356259226799011 0.2039709985256195 0.255251407623291
0 0.1580347716808319 0.704800009727478 0.10823957622051239 0.10950058698654175
0 0.5255316495895386 0.6982539892196655 0.05736267566680908 0.06683295965194702
2 0.006667112000286579 0.7104952335357666 0.013334224000573158 0.10811978578567505
0 0.2477470487356186 0.704747200012207 0.0727638304233551 0.06488150358200073
0 0.30620354413986206 0.691657543182373 0.04217210412025452 0.04571247100830078
0 0.1309828907251358 0.7041997909545898 0.16250185668468475 0.11003094911575317
2 0.8814722299575806 0.6895632743835449 0.023008525371551514 0.11275613307952881
3 0.7300570011138916 0.623652458190918 0.014629364013671875 0.024107158184051514
