2 0.20282137393951416 0.5870230674743653 0.12554922103881835 0.48277873992919923
2 0.30161399841308595 0.615895938873291 0.10112600326538086 0.32634544372558594
2 0.415035343170166 0.639138650894165 0.11412713527679444 0.3922114372253418
1 0.4118953704833984 0.7448527336120605 0.1159219741821289 0.2923006057739258
2 0.7957444190979004 0.7444620132446289 0.039163398742675784 0.13094768524169922
1 0.30036101341247556 0.717651653289795 0.09427156448364257 0.24991893768310547
3 0.04936376214027405 0.5047494888305664 0.0185691237449646 0.04924144744873047
2 0.5563930988311767 0.7075848579406738 0.02246541976928711 0.09268932342529297
1 0.19589462280273437 0.7211636066436767 0.11014394760131836 0.33303003311157225
2 0.5685824394226074 0.7086493492126464 0.028109359741210937 0.09481601715087891
3 0.10311568975448608 0.5211524963378906 0.015166187286376953 0.04975051879882812
4 0.13327492475509645 0.6546875953674316 0.023994064331054686 0.041066646575927734
2 0.34878709316253664 0.6617032051086426 0.017181968688964842 0.06174678802490234
2 0.5634129524230957 0.7077761650085449 0.032886314392089847 0.09477710723876953
4 0.13878295421600342 0.6366972923278809 0.03560953140258789 0.07862071990966797
2 0.3693880796432495 0.674928617477417 0.01806478500366211 0.057500267028808595
