2 0.2028130531311035 0.5865057945251465 0.12577141523361207 0.48158626556396483
2 0.41515750885009767 0.6391023635864258 0.11397705078125 0.3921215057373047
2 0.30155439376831056 0.6173027992248535 0.10114536285400391 0.3292558670043945
1 0.4115896701812744 0.745081901550293 0.1154362678527832 0.29203262329101565
2 0.7959493637084961 0.7441099643707275 0.03860931396484375 0.13106260299682618
1 0.301956033706665 0.7179934024810791 0.09533987045288086 0.24929571151733398
3 0.04943843185901642 0.5045993804931641 0.01924923062324524 0.049398612976074216
2 0.5561394214630127 0.7079612731933593 0.022621822357177735 0.09225139617919922
2 0.5688165187835693 0.7086585998535156 0.02741842269897461 0.09445228576660156
3 0.10351651906967163 0.5208004951477051 0.015205097198486329 0.04745922088623047
1 0.19535486698150634 0.7211668968200684 0.108974027633667 0.3328241348266602
4 0.13306176662445068 0.6566114902496338 0.024056673049926758 0.03698034286499023
4 0.13857777118682862 0.6366499423980713 0.035758566856384275 0.07887401580810546
2 0.562381649017334 0.7082311630249023 0.031011199951171874 0.09384403228759766
2 0.348787522315979 0.662048625946045 0.01793041229248047 0.06093587875366211
