2 0.20291054248809814 0.5870752334594727 0.12565946578979492 0.4827091217041016
2 0.4149783611297607 0.6389018058776855 0.11409225463867187 0.39182052612304685
2 0.30167384147644044 0.6159515380859375 0.10127906799316407 0.3264491081237793
1 0.4119128227233887 0.74483323097229 0.11587228775024414 0.29236688613891604
2 0.7958486557006836 0.7444416999816894 0.03872756958007813 0.13147659301757814
1 0.30033690929412843 0.7175302505493164 0.09431900978088378 0.250120735168457
3 0.049377578496932986 0.5048626899719239 0.01858001947402954 0.04894390106201172
2 0.5563570976257324 0.7077535629272461 0.02227506637573242 0.0927194595336914
1 0.1959414839744568 0.721320629119873 0.11051266193389893 0.33280258178710936
2 0.5689827919006347 0.7084288597106934 0.027420902252197267 0.09419174194335937
3 0.10307581424713134 0.5212462425231934 0.015815043449401857 0.05012531280517578
4 0.13303258419036865 0.6544003486633301 0.02342057228088379 0.04177780151367187
2 0.34853646755218504 0.6616345405578613 0.017513370513916014 0.061817359924316403
4 0.13858706951141359 0.6376033782958984 0.03525419235229492 0.07712631225585938
2 0.36930670738220217 0.674718189239502 0.017764759063720704 0.05595340728759766
2 0.5616815567016602 0.7079027652740478 0.030219459533691408 0.09434595108032226
