0 0.5783118009567261 0.6439125537872314 0.0964127779006958 0.11021381616592407
0 0.48744431138038635 0.5485498309135437 0.03169327974319458 0.032779693603515625
2 0.7130616903305054 0.5813776254653931 0.017540156841278076 0.058881163597106934
2 0.14637444913387299 0.5942445993423462 0.017574071884155273 0.060017406940460205
0 0.08132337033748627 0.5545329451560974 0.06229276582598686 0.030979156494140625
2 0.22889310121536255 0.5778096914291382 0.013111934065818787 0.041865527629852295
0 0.02362782135605812 0.5619276762008667 0.04725564271211624 0.038484394550323486
3 0.4579486846923828 0.49284276366233826 0.00952070951461792 0.012828826904296875
2 0.1969270557165146 0.587779700756073 0.017912864685058594 0.03692817687988281
2 0.2304697334766388 0.5688955187797546 0.017195507884025574 0.06033802032470703
0 0.0439310222864151 0.5571287274360657 0.05149262025952339 0.03123641014099121
2 0.4443848729133606 0.5292074084281921 0.006074815988540649 0.01509714126586914
0 0.03525407239794731 0.5592189431190491 0.06988450139760971 0.034916043281555176
