0 0.7062868475914001 0.7670750617980957 0.587378978729248 0.46560001373291016
2 0.25815555453300476 0.5866895914077759 0.045912280678749084 0.17250382900238037
0 0.980730414390564 0.6038156747817993 0.038539111614227295 0.1454702615737915
2 0.23979365825653076 0.5563559532165527 0.023231446743011475 0.11466628313064575
4 0.9599710702896118 0.5783323645591736 0.010233104228973389 0.031828880310058594
2 0.34555763006210327 0.5209254026412964 0.01129254698753357 0.027132689952850342
4 0.9307619333267212 0.5781076550483704 0.011958301067352295 0.033310890197753906
0 0.5386595726013184 0.5257391333580017 0.02655428647994995 0.027496337890625
0 0.6806148290634155 0.527863085269928 0.0948227047920227 0.029424548149108887
0 0.4580787420272827 0.6363813877105713 0.12035736441612244 0.1995338797569275
