0 0.14264798164367676 0.9054365158081055 0.2851821780204773 0.18905717134475708
0 0.34030571579933167 0.8590520620346069 0.0870940089225769 0.036218225955963135
3 0.3442130386829376 0.7816283702850342 0.023896872997283936 0.042501986026763916
0 0.8247390985488892 0.8754318356513977 0.12567538022994995 0.09540295600891113
0 0.4399099349975586 0.8688567876815796 0.07701167464256287 0.07622796297073364
3 0.4652218818664551 0.659199595451355 0.0222356915473938 0.042360007762908936
0 0.5626000165939331 0.8759598731994629 0.1295163929462433 0.16162490844726562
0 0.48290252685546875 0.853273868560791 0.03619670867919922 0.04173243045806885
3 0.6687600612640381 0.7388517260551453 0.009165704250335693 0.023000240325927734
3 0.8745645880699158 0.7691755294799805 0.013025283813476562 0.02958047389984131
3 0.8882695436477661 0.7701832056045532 0.013821005821228027 0.030738472938537598
0 0.6605125665664673 0.8492423295974731 0.041959166526794434 0.039257049560546875
0 0.7067232131958008 0.8479906320571899 0.040754497051239014 0.03841894865036011
3 0.458474338054657 0.7910712361335754 0.012633413076400757 0.020071744918823242
3 0.4268535077571869 0.6673316955566406 0.018468856811523438 0.04427194595336914
3 0.9892022609710693 0.6771764159202576 0.021595537662506104 0.04598665237426758
3 0.6880208253860474 0.741662323474884 0.010906219482421875 0.023823976516723633
3 0.8410439491271973 0.7681306600570679 0.00931626558303833 0.033526599407196045
3 0.7384109497070312 0.8054462671279907 0.01366269588470459 0.02053225040435791
