0 0.81330406665802 0.7684786319732666 0.33848458528518677 0.22397750616073608
0 0.34152093529701233 0.6894811391830444 0.06933927536010742 0.06206512451171875
0 0.6051725149154663 0.7019496560096741 0.11012542247772217 0.10657930374145508
0 0.5036149024963379 0.6709737181663513 0.049736589193344116 0.03132915496826172
3 0.2129749357700348 0.5332649350166321 0.012682437896728516 0.034398794174194336
1 0.21637578308582306 0.688840389251709 0.02451944351196289 0.033020615577697754
0 0.5443056225776672 0.6873816251754761 0.06278038024902344 0.08220821619033813
0 0.44648903608322144 0.7114757895469666 0.08239135146141052 0.07137632369995117
3 0.5788938999176025 0.5877940654754639 0.014139771461486816 0.05045837163925171
2 0.29348576068878174 0.6832876205444336 0.015188068151473999 0.03473341464996338
2 0.20914140343666077 0.6854642629623413 0.01162080466747284 0.03801983594894409
3 0.3463217616081238 0.5946423411369324 0.009370595216751099 0.018428802490234375
2 0.2185416966676712 0.6804823875427246 0.017749369144439697 0.04482823610305786
3 0.42785969376564026 0.5920871496200562 0.0076323747634887695 0.018824398517608643
1 0.21229848265647888 0.6870071887969971 0.01762758195400238 0.0360378623008728
0 0.4452899992465973 0.6720069050788879 0.07253092527389526 0.027889251708984375
3 0.12820293009281158 0.5354902744293213 0.01368684321641922 0.0349922776222229
0 0.44494324922561646 0.6793228387832642 0.07528838515281677 0.04312324523925781
2 0.21863296627998352 0.6837199926376343 0.023104578256607056 0.039117395877838135
