0 0.2516050934791565 0.6563308238983154 0.06562480330467224 0.03328365087509155
0 0.5851344466209412 0.6438916325569153 0.10302019119262695 0.09586310386657715
2 0.25741976499557495 0.668647289276123 0.031070038676261902 0.0639236569404602
3 0.16635671257972717 0.5922015905380249 0.019337400794029236 0.04770618677139282
0 0.9049240350723267 0.5662062168121338 0.18985140323638916 0.10650169849395752
0 0.5060939788818359 0.6139426231384277 0.035909175872802734 0.034893155097961426
0 0.3151271939277649 0.6418514251708984 0.024524211883544922 0.024554073810577393
3 0.6286798715591431 0.5148601531982422 0.019151508808135986 0.03632661700248718
3 0.680767834186554 0.5114470720291138 0.011471867561340332 0.020253777503967285
3 0.6659367084503174 0.5087741613388062 0.01412123441696167 0.028485119342803955
2 0.5835167765617371 0.5857481956481934 0.009373664855957031 0.02302151918411255
0 0.26073190569877625 0.6540497541427612 0.04853029549121857 0.0329555869102478
0 0.3960173428058624 0.6262474060058594 0.02712148427963257 0.034281373023986816
2 0.673610508441925 0.5804113149642944 0.016707181930541992 0.06219404935836792
0 0.3303821086883545 0.6319304704666138 0.023999512195587158 0.017338931560516357
0 0.48263537883758545 0.6058032512664795 0.02591344714164734 0.020211398601531982
2 0.6155593395233154 0.5806801319122314 0.01178056001663208 0.031138837337493896
3 0.666443943977356 0.5127048492431641 0.013293087482452393 0.02127629518508911
0 0.3489517569541931 0.6304049491882324 0.021092981100082397 0.01656419038772583
