0 0.9062855243682861 0.8674319982528687 0.1874290108680725 0.2642013430595398
3 0.4877668023109436 0.4549006521701813 0.02724325656890869 0.07798969745635986
3 0.8081007599830627 0.4581109285354614 0.02884364128112793 0.07603147625923157
3 0.6511701941490173 0.45521092414855957 0.028992652893066406 0.07821017503738403
0 0.6622185707092285 0.7698436975479126 0.07348251342773438 0.06994503736495972
0 0.5519634485244751 0.8024255037307739 0.11059445142745972 0.11487138271331787
3 0.042627088725566864 0.6410700082778931 0.018301237374544144 0.051889121532440186
3 0.8477268218994141 0.605994462966919 0.023090004920959473 0.05436849594116211
2 0.1630159318447113 0.7850764989852905 0.013321027159690857 0.037063419818878174
0 0.5478100776672363 0.7354635000228882 0.050480008125305176 0.025682389736175537
