0 0.7997351288795471 0.7871319055557251 0.38652753829956055 0.42573612928390503
3 0.7567610740661621 0.47970715165138245 0.01120293140411377 0.039089977741241455
3 0.6027722358703613 0.4993353486061096 0.009671568870544434 0.02857467532157898
3 0.3314540386199951 0.29453906416893005 0.027820885181427002 0.06834650039672852
0 0.9229284524917603 0.6019113659858704 0.0699237585067749 0.05546915531158447
0 0.36825868487358093 0.6247597932815552 0.03676295280456543 0.05243450403213501
3 0.1354672908782959 0.2514651417732239 0.03342323750257492 0.0837433934211731
2 0.09519258886575699 0.6535580158233643 0.018030524253845215 0.0830184817314148
0 0.5829606056213379 0.6101577281951904 0.0426715612411499 0.028768718242645264
3 0.11803458631038666 0.5519485473632812 0.0171876922249794 0.04350435733795166
3 0.11800780892372131 0.5423364043235779 0.015836454927921295 0.021871566772460938
0 0.4382826089859009 0.6126433610916138 0.022478491067886353 0.020796597003936768
0 0.9644478559494019 0.5974271893501282 0.07110422849655151 0.05805325508117676
2 0.4225746989250183 0.6120182275772095 0.016599267721176147 0.028207600116729736
2 0.11188395321369171 0.6573660969734192 0.01513528823852539 0.06581783294677734
2 0.7923309803009033 0.6647804975509644 0.05579262971878052 0.08303779363632202
3 0.337982177734375 0.2991316318511963 0.015794366598129272 0.058151304721832275
