0 0.10817486047744751 0.6178143620491028 0.21634972095489502 0.12373614311218262
3 0.706043541431427 0.1678679883480072 0.03488743305206299 0.13948194682598114
3 0.42201244831085205 0.3224952816963196 0.02045479416847229 0.060287296772003174
3 0.2943262457847595 0.33495938777923584 0.02063998579978943 0.05932670831680298
3 0.5683014392852783 0.4245915412902832 0.019926607608795166 0.053186237812042236
0 0.7578459978103638 0.5597100257873535 0.17065298557281494 0.07426720857620239
3 0.8654773831367493 0.2531539797782898 0.048336029052734375 0.1469266563653946
3 0.8930423259735107 0.37481439113616943 0.032128751277923584 0.058307379484176636
0 0.40728068351745605 0.6002728939056396 0.3948936462402344 0.4933726489543915
3 0.8358424305915833 0.274074912071228 0.026935577392578125 0.10510152578353882
0 0.8509384393692017 0.5629804730415344 0.028257012367248535 0.058374762535095215
3 0.3314764201641083 0.31273773312568665 0.020427227020263672 0.028124332427978516
3 0.8616605997085571 0.2549477517604828 0.07483178377151489 0.15170232951641083
3 0.8383620381355286 0.25611621141433716 0.03271031379699707 0.14672662317752838
