0 0.3294607698917389 0.5787563323974609 0.05535590648651123 0.07418978214263916
3 0.33173930644989014 0.38112568855285645 0.015453487634658813 0.04309561848640442
3 0.44579562544822693 0.3831557631492615 0.019101619720458984 0.045648664236068726
0 0.07026466727256775 0.5393770933151245 0.061451852321624756 0.024386048316955566
3 0.42056041955947876 0.38215726613998413 0.017557233572006226 0.04589790105819702
3 0.3527854084968567 0.3810485601425171 0.019021809101104736 0.04388242959976196
0 0.24020826816558838 0.5650844573974609 0.15323324501514435 0.09715592861175537
0 0.4352223873138428 0.6136975288391113 0.19857487082481384 0.21665829420089722
3 0.38113605976104736 0.4242924749851227 0.01182827353477478 0.033167481422424316
3 0.15946650505065918 0.48723459243774414 0.01176328957080841 0.01949557662010193
0 0.49999451637268066 0.8817987442016602 0.9999890327453613 0.23640257120132446
3 0.541580080986023 0.407418817281723 0.013736903667449951 0.03346043825149536
3 0.4545689821243286 0.34761422872543335 0.0181485116481781 0.03169134259223938
3 0.5811750888824463 0.49521443247795105 0.015043795108795166 0.03461819887161255
