0 0.125357985496521 0.8537365198135376 0.250715970993042 0.2923218607902527
0 0.5454250574111938 0.7738970518112183 0.10536926984786987 0.12730169296264648
3 0.7398620843887329 0.6311154365539551 0.022560298442840576 0.055324554443359375
0 0.2952243387699127 0.8019412755966187 0.1634853482246399 0.1426708698272705
0 0.393018901348114 0.771077573299408 0.08570596575737 0.10258293151855469
3 0.6551718711853027 0.5319676399230957 0.014319062232971191 0.04705846309661865
3 0.6895183324813843 0.6324865221977234 0.011194407939910889 0.03399038314819336
3 0.47446978092193604 0.6022824048995972 0.012827128171920776 0.034370601177215576
3 0.6870347857475281 0.671689510345459 0.010835647583007812 0.03101140260696411
3 0.7178291082382202 0.6271141171455383 0.01762622594833374 0.052996039390563965
3 0.6014278531074524 0.6854305863380432 0.011333227157592773 0.026829242706298828
