0 0.768109917640686 0.6904624700546265 0.1234319806098938 0.1152755618095398
0 0.5009527206420898 0.6855199337005615 0.09248659014701843 0.14841824769973755
3 0.25437620282173157 0.46600866317749023 0.04239296913146973 0.07763847708702087
0 0.6218855977058411 0.6486151218414307 0.033128976821899414 0.036705970764160156
2 0.12583458423614502 0.48009055852890015 0.022867165505886078 0.09160652756690979
3 0.6258870363235474 0.4725090563297272 0.026748478412628174 0.07851344347000122
3 0.646902859210968 0.48903313279151917 0.018537521362304688 0.03810518980026245
0 0.6803116798400879 0.6672026515007019 0.07503718137741089 0.09729862213134766
0 0.5922143459320068 0.638008177280426 0.048179805278778076 0.034517526626586914
4 0.8994280099868774 0.677519679069519 0.01674729585647583 0.05331212282180786
0 0.41013088822364807 0.6514842510223389 0.05388510227203369 0.051716625690460205
3 0.2539840340614319 0.4901443123817444 0.04474553465843201 0.12653648853302002
3 0.6451628804206848 0.47812420129776 0.021413564682006836 0.06074228882789612
3 0.25389981269836426 0.5319368839263916 0.045274436473846436 0.04563218355178833
