3 0.9399207830429077 0.05744525417685509 0.052145421504974365 0.1147942766547203
3 0.44093501567840576 0.3639914095401764 0.01672324538230896 0.06636446714401245
0 0.3835456967353821 0.6583840847015381 0.034957438707351685 0.034817278385162354
3 0.2895592451095581 0.3660777509212494 0.020106852054595947 0.06695342063903809
0 0.07935795187950134 0.6789791584014893 0.15871590375900269 0.06856757402420044
0 0.33808934688568115 0.6629992723464966 0.06277903914451599 0.05957251787185669
3 0.7712973952293396 0.5347472429275513 0.02397918701171875 0.028628170490264893
3 0.7701084613800049 0.5349969863891602 0.01814955472946167 0.025751233100891113
0 0.6080684065818787 0.665413498878479 0.08804702758789062 0.058475375175476074
0 0.24705320596694946 0.6703906059265137 0.12326698005199432 0.09375190734863281
0 0.5011621713638306 0.6463351249694824 0.014108091592788696 0.016826987266540527
0 0.4735132157802582 0.6516206860542297 0.01809978485107422 0.018756628036499023
3 0.3231174349784851 0.37712806463241577 0.026845723390579224 0.03610438108444214
