3 0.5295694470405579 0.5114234089851379 0.014401555061340332 0.04098537564277649
3 0.4612444043159485 0.5072312951087952 0.024433612823486328 0.043008238077163696
0 0.3696419298648834 0.7094075679779053 0.023615360260009766 0.025545895099639893
3 0.6001335382461548 0.5144078135490417 0.01458585262298584 0.04057273268699646
0 0.5002390742301941 0.9270105361938477 0.9995218515396118 0.1459789276123047
0 0.9274372458457947 0.6955134868621826 0.12139129638671875 0.055749714374542236
0 0.7808241844177246 0.6989513635635376 0.039208412170410156 0.03028649091720581
0 0.4070858359336853 0.712175726890564 0.014473885297775269 0.019191324710845947
3 0.5597886443138123 0.5180943608283997 0.018090248107910156 0.0236966609954834
0 0.7401422262191772 0.699374794960022 0.04075944423675537 0.02837902307510376
0 0.5357266664505005 0.7128809690475464 0.02016007900238037 0.0189020037651062
