0 0.7044275999069214 0.5871238708496094 0.10135477781295776 0.06720256805419922
3 0.3331105709075928 0.3538486361503601 0.01835709810256958 0.06583508849143982
2 0.08052394539117813 0.6134990453720093 0.03698549047112465 0.0934557318687439
3 0.4031960070133209 0.3563989996910095 0.015853285789489746 0.06509488821029663
2 0.508933424949646 0.6193394660949707 0.042338550090789795 0.12751424312591553
0 0.3869418501853943 0.5949943661689758 0.06222096085548401 0.08310699462890625
0 0.4826255738735199 0.5734397172927856 0.024428367614746094 0.03345376253128052
1 0.5847285985946655 0.6750971078872681 0.041766345500946045 0.14403647184371948
0 0.6102439761161804 0.5802263021469116 0.06504154205322266 0.04712456464767456
1 0.514481782913208 0.6405550241470337 0.036141276359558105 0.09147131443023682
1 0.833855390548706 0.612210750579834 0.0408971905708313 0.0862283706665039
3 0.8492658734321594 0.12374275922775269 0.045908331871032715 0.1586005985736847
2 0.5447062253952026 0.5889319777488708 0.025368869304656982 0.08889961242675781
0 0.24119195342063904 0.5706531405448914 0.044307515025138855 0.03543376922607422
0 0.585666298866272 0.5729550123214722 0.05385309457778931 0.03999221324920654
3 0.5212937593460083 0.5097376704216003 0.009555459022521973 0.026947468519210815
1 0.833788275718689 0.6259808540344238 0.04042857885360718 0.05897200107574463
0 0.5737945437431335 0.5733286142349243 0.03114604949951172 0.03964996337890625
