0 0.6780574321746826 0.3195134997367859 0.09054011106491089 0.03948810696601868
2 0.7888544201850891 0.31726354360580444 0.014443039894104004 0.03356572985649109
0 0.030191676691174507 0.3379923105239868 0.06030689552426338 0.05671921372413635
0 0.022636374458670616 0.3789830803871155 0.04527274891734123 0.14004072546958923
0 0.0924847275018692 0.32812389731407166 0.07422155886888504 0.06927108764648438
0 0.34949302673339844 0.3391000032424927 0.06430158019065857 0.07553836703300476
0 0.8066685199737549 0.31335335969924927 0.03701132535934448 0.03144502639770508
0 0.2112439125776291 0.3426569700241089 0.19734486937522888 0.10188707709312439
0 0.7524040341377258 0.3168707489967346 0.031875014305114746 0.028263002634048462
0 0.7975854873657227 0.3136410117149353 0.05609232187271118 0.03213062882423401
