0 0.8711594343185425 0.7127822637557983 0.25768107175827026 0.35737723112106323
0 0.732871413230896 0.6136037111282349 0.10328084230422974 0.11877667903900146
0 0.41423073410987854 0.7556978464126587 0.30714017152786255 0.4339255690574646
3 0.5629985332489014 0.41777679324150085 0.009166121482849121 0.03131103515625
3 0.6404070854187012 0.4068695306777954 0.00974959135055542 0.030619531869888306
3 0.37326112389564514 0.2950548529624939 0.02071058750152588 0.07484254240989685
3 0.4436793923377991 0.2844794690608978 0.032755762338638306 0.07660423219203949
3 0.4292512536048889 0.40755850076675415 0.016292572021484375 0.04429978132247925
0 0.5689533948898315 0.6153961420059204 0.10489857196807861 0.17633897066116333
2 0.6067088842391968 0.5273157358169556 0.01115185022354126 0.022903740406036377
