0 0.10907574743032455 0.7731180191040039 0.12608034908771515 0.0677725076675415
3 0.24445119500160217 0.37251511216163635 0.04508315026760101 0.12305784225463867
0 0.6689436435699463 0.7851941585540771 0.06649821996688843 0.05236262083053589
3 0.027291424572467804 0.4428306519985199 0.03688261657953262 0.08009910583496094
0 0.41271543502807617 0.7823713421821594 0.1350734829902649 0.09799730777740479
3 0.15589353442192078 0.335324764251709 0.05812852084636688 0.13010722398757935
3 0.007671883795410395 0.4594061076641083 0.01534376759082079 0.07172775268554688
0 0.322793185710907 0.7715604901313782 0.05127766728401184 0.047712087631225586
0 0.057533521205186844 0.7646259665489197 0.06361878663301468 0.052472591400146484
0 0.24606171250343323 0.7681723833084106 0.04740343987941742 0.038942694664001465
0 0.28973713517189026 0.7692545652389526 0.020676076412200928 0.031724393367767334
3 0.7775929570198059 0.6379735469818115 0.01299893856048584 0.036791980266571045
3 0.13295704126358032 0.691936731338501 0.008290722966194153 0.024637043476104736
0 0.6861119270324707 0.7852586507797241 0.10105770826339722 0.052085697650909424
3 0.3689965009689331 0.6837119460105896 0.007601648569107056 0.02162456512451172
3 0.4731198847293854 0.6793633103370667 0.008464694023132324 0.019717812538146973
3 0.13570290803909302 0.6915013790130615 0.01447497308254242 0.02615833282470703
