0 0.03589613363146782 0.5717450380325317 0.058981943875551224 0.03741729259490967
0 0.37190699577331543 0.5893141627311707 0.2188030183315277 0.26152703166007996
3 0.3150380253791809 0.4161922335624695 0.012280642986297607 0.03249749541282654
3 0.882557213306427 0.3680635988712311 0.033348679542541504 0.03995692729949951
0 0.4999276101589203 0.8679455518722534 0.9997887015342712 0.2641088366508484
0 0.26393359899520874 0.5582231879234314 0.030171483755111694 0.050461769104003906
3 0.38975292444229126 0.4271305203437805 0.01485520601272583 0.02589207887649536
3 0.35998252034187317 0.4289671778678894 0.010406494140625 0.03231266140937805
3 0.35466885566711426 0.427762508392334 0.019421100616455078 0.03688278794288635
3 0.4121443033218384 0.42827337980270386 0.011493891477584839 0.025308996438980103
3 0.5318549871444702 0.4963911175727844 0.009011447429656982 0.011971861124038696
3 0.35871708393096924 0.4272031784057617 0.01517227292060852 0.03709810972213745
