2 0.6083637714385987 0.4862191200256348 0.32223196029663087 0.8294179916381836
2 0.3235658884048462 0.48590760231018065 0.1588416576385498 0.4816575050354004
1 0.3420673370361328 0.6093903541564941 0.13128700256347656 0.35478916168212893
0 0.8822872161865234 0.5313061237335205 0.23465380668640137 0.1448513984680176
0 0.9620570182800293 0.5321053028106689 0.0758859634399414 0.17183465957641603
0 0.7458388328552246 0.5303112983703613 0.1574077606201172 0.1131551742553711
0 0.21239025592803956 0.5367093086242676 0.08325309753417968 0.05360965728759766
0 0.021508152782917022 0.5538206100463867 0.033430418372154234 0.12353706359863281
0 0.39177517890930175 0.5383551597595215 0.03853673934936523 0.042548751831054686
0 0.09404873251914977 0.5488211631774902 0.06246331930160522 0.07615222930908203
1 0.6864521026611328 0.659709882736206 0.3609275817871094 0.597371768951416
