2 0.6085406303405761 0.4860225677490234 0.32062950134277346 0.829586410522461
2 0.3224294662475586 0.48679332733154296 0.15671262741088868 0.48371410369873047
0 0.8823694229125977 0.5312298774719239 0.234596586227417 0.14505577087402344
0 0.9617404937744141 0.5362107276916503 0.07651901245117188 0.16814785003662108
0 0.7452810764312744 0.5304455757141113 0.15842504501342775 0.1145747184753418
1 0.3360654354095459 0.6091807365417481 0.11899900436401367 0.35484161376953127
0 0.21177961826324462 0.5367156982421875 0.08225049972534179 0.05359439849853516
0 0.021560165286064147 0.5534707546234131 0.03358086943626404 0.12547264099121094
0 0.39204385280609133 0.5382089614868164 0.03881058692932129 0.042710494995117185
0 0.09487568140029908 0.547788667678833 0.06352920532226562 0.07811832427978516
