2 0.6088524341583252 0.484907341003418 0.3207813262939453 0.8287483215332031
2 0.323279881477356 0.48750958442687986 0.15799384117126464 0.4849248886108398
0 0.8824945449829101 0.531353759765625 0.23444156646728515 0.14519271850585938
0 0.9615967750549317 0.5359687805175781 0.07680644989013671 0.16689224243164064
0 0.7452285766601563 0.5304717063903809 0.15863571166992188 0.11451587677001954
0 0.21237750053405763 0.5366693496704101 0.08335973024368286 0.05379467010498047
1 0.33529698848724365 0.6091572761535644 0.1159135341644287 0.35489978790283205
0 0.3921038627624512 0.5381505966186524 0.039604473114013675 0.043054389953613284
0 0.02151808738708496 0.5539871215820312 0.033329373598098753 0.12385349273681641
0 0.09431447982788085 0.5487189292907715 0.06278293132781983 0.07617683410644531
