2 0.42939605712890627 0.4428534507751465 0.1940145254135132 0.826746940612793
0 0.8496665954589844 0.4366904735565186 0.12148017883300781 0.06949663162231445
0 0.518976879119873 0.4454667091369629 0.06627979278564453 0.0460322380065918
1 0.4384965419769287 0.5919003486633301 0.18506765365600586 0.5342559814453125
2 0.15257235765457153 0.43325176239013674 0.014200162887573243 0.037286376953125
0 0.5945657253265381 0.43670902252197263 0.0515498161315918 0.03948230743408203
2 0.7667807579040528 0.4202537536621094 0.014212226867675782 0.04263114929199219
1 0.43284192085266116 0.6520527839660645 0.13856334686279298 0.6353233337402344
0 0.01012847274541855 0.4238913536071777 0.0202569454908371 0.03173904418945313
0 0.6866183757781983 0.44581947326660154 0.14689264297485352 0.09470727443695068
2 0.7229997634887695 0.4166852951049805 0.011610603332519532 0.027498435974121094
0 0.3108503341674805 0.4387613296508789 0.04290475845336914 0.02340974807739258
