2 0.4293252468109131 0.4406721115112305 0.19437179565429688 0.825893783569336
0 0.8497184753417969 0.4368250370025635 0.12091217041015626 0.06894130706787109
0 0.5190731048583984 0.4453620910644531 0.06647911071777343 0.04612579345703125
1 0.43906517028808595 0.5910670757293701 0.18412532806396484 0.5315285682678222
2 0.15257959365844725 0.4331414222717285 0.01388864517211914 0.03707904815673828
0 0.594053840637207 0.4367490768432617 0.051152610778808595 0.039397239685058594
1 0.43230161666870115 0.6494216442108154 0.1404203414916992 0.640050220489502
0 0.009313766658306123 0.4235468864440918 0.018627533316612245 0.03212032318115234
2 0.766229248046875 0.41722965240478516 0.012764739990234374 0.03594541549682617
0 0.6866500377655029 0.4457672595977783 0.14700098037719728 0.09402132034301758
