2 0.4291503429412842 0.44164071083068845 0.1942774772644043 0.8261723518371582
0 0.8497434616088867 0.4367264747619629 0.12098827362060546 0.06913967132568359
0 0.5190367221832275 0.44538192749023436 0.06653366088867188 0.0461334228515625
1 0.43921623229980467 0.5971212387084961 0.18404512405395507 0.5437198638916015
2 0.15266244411468505 0.43311219215393065 0.013699030876159668 0.03709430694580078
0 0.5943397521972656 0.43674240112304685 0.051172637939453126 0.039268875122070314
1 0.43297667503356935 0.6505739688873291 0.14547395706176758 0.6375592231750489
0 0.009421367198228836 0.4239551544189453 0.018842734396457672 0.030921173095703126
2 0.7664926528930665 0.41674013137817384 0.013250732421875 0.034649658203125
0 0.6867162704467773 0.44595918655395506 0.14655914306640624 0.09369485378265381
0 0.30986182689666747 0.4385072708129883 0.04376368522644043 0.023325157165527344
2 0.7228935241699219 0.4168713569641113 0.011480903625488282 0.027001380920410156
