2 0.5431646347045899 0.4956406593322754 0.20073375701904297 0.508812427520752
2 0.2600010871887207 0.5150293350219727 0.030787563323974608 0.07596054077148437
2 0.22660062313079835 0.5112956047058106 0.028870677947998045 0.07833499908447265
2 0.19051120281219483 0.5138411045074462 0.03597493171691894 0.07795562744140624
2 0.9901721954345704 0.513817024230957 0.019655513763427734 0.06020030975341797
0 0.4366933345794678 0.495390510559082 0.059659576416015624 0.026784133911132813
2 0.7504555702209472 0.5146366119384765 0.021758842468261718 0.04642963409423828
1 0.5293252468109131 0.6214717864990235 0.3105607986450195 0.30280532836914065
2 0.017058348655700682 0.5129306793212891 0.03381932973861694 0.08003044128417969
2 0.936742115020752 0.5102965354919433 0.03969020843505859 0.07561912536621093
2 0.7668311595916748 0.5135947227478027 0.018860340118408203 0.048805618286132814
2 0.6305477142333984 0.52601318359375 0.0348114013671875 0.05131340026855469
