2 0.543334674835205 0.49572463035583497 0.2017671585083008 0.5083777427673339
2 0.2602390766143799 0.5152544975280762 0.03084707260131836 0.07576723098754883
2 0.22674937248229982 0.510621452331543 0.02822103500366211 0.07648296356201172
2 0.19049980640411376 0.514109992980957 0.03628230094909668 0.07714405059814453
0 0.43648691177368165 0.4948890209197998 0.059826087951660153 0.028310680389404298
1 0.5294792652130127 0.6216566562652588 0.31057233810424806 0.3023493766784668
2 0.7506797313690186 0.5147300720214844 0.022259521484375 0.04644145965576172
2 0.9901882171630859 0.5141852378845215 0.019623470306396485 0.059520721435546875
2 0.016933512687683106 0.5128119468688965 0.033636975288391116 0.08031463623046875
2 0.9361291885375976 0.5117348670959473 0.03902778625488281 0.07263898849487305
2 0.6301987648010254 0.5215870857238769 0.03596000671386719 0.060622024536132815
