2 0.5433496475219727 0.49534807205200193 0.20116195678710938 0.5079313278198242
2 0.26020474433898927 0.514994764328003 0.03108053207397461 0.07621736526489258
2 0.22685961723327636 0.5109660148620605 0.028836441040039063 0.07737865447998046
2 0.1906260371208191 0.5138728618621826 0.03588688373565674 0.07774724960327148
0 0.4365553379058838 0.495503568649292 0.06016979217529297 0.02668933868408203
2 0.7502693176269531 0.5147825241088867 0.022449302673339843 0.04651451110839844
2 0.9904150009155274 0.5138402938842773 0.019169998168945313 0.06030960083007812
1 0.5294045448303223 0.6215712547302246 0.31050891876220704 0.3025062561035156
2 0.016981533169746398 0.5129956245422364 0.03372041583061218 0.07976007461547852
2 0.9363096237182618 0.5117040634155273 0.039337539672851564 0.07256546020507812
2 0.7668472766876221 0.5136848449707031 0.019385433197021483 0.048678016662597655
2 0.8393811225891114 0.5060237884521485 0.0125 0.034499168395996094
