0 0.40233415365219116 0.5133308172225952 0.03856632113456726 0.04189568758010864
0 0.4676622152328491 0.5399142503738403 0.11812356114387512 0.12745821475982666
0 0.5637376308441162 0.5156171917915344 0.07467681169509888 0.07578065991401672
0 0.4995485246181488 0.8673257827758789 0.9990970492362976 0.2653484344482422
0 0.12490910291671753 0.511954128742218 0.0555659756064415 0.01954174041748047
0 0.9756730198860168 0.48738420009613037 0.04842793941497803 0.042418599128723145
3 0.42611703276634216 0.4320867657661438 0.006606101989746094 0.01746693253517151
0 0.3287719786167145 0.5148184299468994 0.030285179615020752 0.04725131392478943
0 0.2922971546649933 0.515846848487854 0.07107818126678467 0.060412436723709106
0 0.36659669876098633 0.510229766368866 0.03025960922241211 0.03170773386955261
0 0.13328440487384796 0.5114123821258545 0.03922629356384277 0.019639551639556885
0 0.3517231345176697 0.5136975049972534 0.03078514337539673 0.038070857524871826
3 0.3448328971862793 0.4351687431335449 0.006814092397689819 0.014705568552017212
3 0.4961628019809723 0.42997732758522034 0.006805062294006348 0.01672840118408203
2 0.44869768619537354 0.5020020604133606 0.013770967721939087 0.01886168122291565
0 0.3782823085784912 0.5104021430015564 0.01379328966140747 0.03007182478904724
3 0.4715035557746887 0.432120144367218 0.006482601165771484 0.017410844564437866
