0 0.7442921996116638 0.7734611630439758 0.08008766174316406 0.058832764625549316
0 0.5815894603729248 0.7577329874038696 0.03771895170211792 0.038172900676727295
3 0.006926305592060089 0.5928646326065063 0.013852611184120178 0.027710914611816406
3 0.5214182138442993 0.6178377866744995 0.010823249816894531 0.030104219913482666
3 0.6364827156066895 0.6198792457580566 0.009496569633483887 0.02982008457183838
0 0.9804736375808716 0.786373496055603 0.03904879093170166 0.05522197484970093
0 0.5226078033447266 0.7515915632247925 0.027849197387695312 0.03414863348007202
2 0.46056413650512695 0.7605870962142944 0.01794108748435974 0.023875415325164795
3 0.7930715680122375 0.6656718254089355 0.01734638214111328 0.035955965518951416
3 0.6107136011123657 0.6202293634414673 0.014149367809295654 0.02215975522994995
