0 0.3941829800605774 0.7906361818313599 0.07817474007606506 0.04708164930343628
0 0.47148895263671875 0.7924724817276001 0.06955680251121521 0.08424818515777588
0 0.2595321238040924 0.7905462384223938 0.07287311553955078 0.04939675331115723
3 0.6613324284553528 0.5105372071266174 0.014297127723693848 0.045806884765625
0 0.056684460490942 0.8060585856437683 0.113368920981884 0.13525104522705078
3 0.37460875511169434 0.619707465171814 0.012869507074356079 0.04146236181259155
3 0.35762739181518555 0.6116299629211426 0.012693554162979126 0.04313439130783081
3 0.5948880910873413 0.5593751072883606 0.01295316219329834 0.0399707555770874
3 0.29524046182632446 0.6878478527069092 0.012185096740722656 0.022864818572998047
3 0.5348165035247803 0.5401884317398071 0.021483957767486572 0.031020760536193848
4 0.6170924305915833 0.7957907915115356 0.014346122741699219 0.04606550931930542
3 0.30522599816322327 0.6036263704299927 0.012411117553710938 0.04467642307281494
0 0.5628653764724731 0.764556884765625 0.03070276975631714 0.04424959421157837
2 0.5686658024787903 0.772334098815918 0.010638236999511719 0.023546993732452393
0 0.6009083986282349 0.7622569799423218 0.019449710845947266 0.02009803056716919
