2 0.4868886947631836 0.45778803825378417 0.17934625148773192 0.8207596778869629
0 0.6339328765869141 0.5714045524597168 0.10726442337036132 0.07758893966674804
0 0.33844761848449706 0.5813631534576416 0.1779994010925293 0.11050395965576172
2 0.22388899326324463 0.4682912826538086 0.10226306915283204 0.5258556365966797
3 0.797830867767334 0.08820171356201172 0.056222724914550784 0.1763347864151001
0 0.4812192440032959 0.5731405735015869 0.1153639793395996 0.10261821746826172
3 0.5188549041748047 0.037841394543647766 0.03307075500488281 0.07553601861000062
2 0.9733009338378906 0.5451241970062256 0.05339813232421875 0.18875789642333984
2 0.19186737537384033 0.5876315116882325 0.024111366271972655 0.10446128845214844
3 0.8020320892333984 0.29267072677612305 0.04101848602294922 0.06848707199096679
1 0.2307440757751465 0.6235322952270508 0.07444981336593628 0.3491030693054199
2 0.1405876398086548 0.5689580917358399 0.05056886672973633 0.19018497467041015
0 0.7826079368591309 0.5653258323669433 0.034796524047851565 0.05641098022460937
2 0.11140774488449097 0.5852556228637695 0.03052554130554199 0.12343006134033203
2 0.008603942394256592 0.5916470527648926 0.01717519760131836 0.11303682327270508
0 0.7275559425354003 0.5637471199035644 0.08504619598388671 0.0721501350402832
2 0.07807224988937378 0.5893198013305664 0.03489739894866943 0.12027645111083984
2 0.06284273862838745 0.5787054061889648 0.02737416923046112 0.14142932891845703
