2 0.48661298751831056 0.45170979499816893 0.17920703887939454 0.8086897850036621
0 0.6340243816375732 0.5714704513549804 0.10855989456176758 0.07797489166259766
0 0.33811368942260744 0.5814494132995606 0.1779475212097168 0.11039619445800782
2 0.22373731136322023 0.4611966133117676 0.10163936614990235 0.5121015548706055
3 0.7977128982543945 0.08802299499511719 0.05682315826416016 0.17597742080688478
0 0.4812718391418457 0.5720031261444092 0.11535186767578125 0.10636224746704101
3 0.5187509536743165 0.037633514404296874 0.032502937316894534 0.07513258457183838
2 0.9738204002380371 0.5519325256347656 0.05235919952392578 0.19895763397216798
2 0.19179489612579345 0.5878901004791259 0.023842906951904295 0.1044856071472168
2 0.14066219329833984 0.5687735080718994 0.050396394729614255 0.1897049903869629
1 0.23111248016357422 0.6201477527618409 0.07773092985153199 0.35471696853637696
3 0.8023488998413086 0.2925885677337646 0.04083385467529297 0.06931219100952149
2 0.11095601320266724 0.5856149196624756 0.030570673942565917 0.12194890975952148
0 0.7273484706878662 0.5636103630065918 0.08322992324829101 0.0715489387512207
0 0.7825976848602295 0.5650995254516602 0.03515558242797852 0.05609941482543945
2 0.008360688388347626 0.5918457984924317 0.01669735014438629 0.11323871612548828
2 0.07804702520370484 0.5891371250152588 0.03293943405151367 0.1196669578552246
2 0.06293524503707885 0.5788582801818848 0.02784123718738556 0.1418825149536133
