2 0.48657798767089844 0.4572643756866455 0.17895011901855468 0.8189372062683106
0 0.633968448638916 0.5713974952697753 0.10774059295654297 0.07769260406494141
0 0.33898215293884276 0.581366491317749 0.17689237594604493 0.1105992317199707
2 0.22388267517089844 0.4746089935302734 0.10134600400924683 0.5372419357299805
3 0.7976035118103028 0.08798393011093139 0.056854629516601564 0.1759054183959961
2 0.9728714942932128 0.5446876525878906 0.05425701141357422 0.18675174713134765
3 0.8020915031433106 0.29271845817565917 0.040728187561035155 0.0692594051361084
0 0.4814274787902832 0.5733770370483399 0.11617603302001953 0.10160560607910156
3 0.5190975189208984 0.03744251728057861 0.03263044357299805 0.07488503456115722
2 0.19160935878753663 0.5875860214233398 0.024317836761474608 0.10465965270996094
1 0.23026089668273925 0.624665641784668 0.06885628700256348 0.3492448806762695
2 0.14057707786560059 0.5688791275024414 0.051329755783081056 0.1898660659790039
0 0.7293339729309082 0.5635294914245605 0.08778305053710937 0.07237186431884765
2 0.11086199283599854 0.5855423927307128 0.0301668643951416 0.12254371643066406
0 0.7834784507751464 0.5643329620361328 0.03340206146240234 0.05654888153076172
2 0.008400335162878036 0.5911387443542481 0.016774500906467437 0.11180448532104492
2 0.07744102478027344 0.5885679244995117 0.033563661575317386 0.11970739364624024
2 0.06260977983474732 0.5786430358886718 0.0276308536529541 0.1408987045288086
0 0.9493594169616699 0.563199806213379 0.10118618011474609 0.13221607208251954
