2 0.5302327156066895 0.46532211303710935 0.2732725143432617 0.6117160797119141
1 0.5345774173736573 0.619097375869751 0.26021156311035154 0.5203372001647949
0 0.893988037109375 0.3202395439147949 0.18074092864990235 0.0768733024597168
0 0.7232477188110351 0.3285078763961792 0.14568634033203126 0.060514307022094725
0 0.9839399337768555 0.32229437828063967 0.032120037078857425 0.08206071853637695
2 0.6315038681030274 0.10951454639434814 0.035463905334472655 0.0579890251159668
0 0.6312155723571777 0.3291451454162598 0.056461143493652347 0.058374214172363284
0 0.09879704117774964 0.3602073907852173 0.129763400554657 0.07525448799133301
0 0.027638357877731324 0.35850772857666013 0.05527671575546265 0.07029075622558593
0 0.330305290222168 0.3357876777648926 0.07658696174621582 0.03961653709411621
