2 0.5293939590454102 0.46407461166381836 0.27293221950531005 0.6087560653686523
1 0.5347494125366211 0.6176499366760254 0.2602382659912109 0.5240379333496094
0 0.8941883087158203 0.32010278701782224 0.18135242462158202 0.07664194107055664
0 0.7234739303588867 0.32863967418670653 0.14505386352539062 0.06022195816040039
2 0.632177734375 0.1101147174835205 0.036768531799316405 0.05818758010864258
0 0.9838468551635742 0.3226941585540771 0.03230628967285156 0.08249502182006836
0 0.6310649871826172 0.3291491508483887 0.05706233978271484 0.05862503051757813
0 0.09870917797088623 0.36031808853149416 0.13019061088562012 0.07546863555908204
0 0.02784387469291687 0.35867843627929685 0.05568774938583374 0.07043590545654296
0 0.330837607383728 0.3359391689300537 0.07517824172973633 0.039730262756347653
