2 0.5292969703674316 0.46498589515686034 0.2719358682632446 0.6107813835144043
1 0.5352107524871826 0.6186539173126221 0.2607266426086426 0.5214755058288574
0 0.894236946105957 0.32012670040130614 0.18143119812011718 0.07662444114685059
0 0.7235304832458496 0.3285644292831421 0.1449493408203125 0.06029319763183594
0 0.9838802337646484 0.32207226753234863 0.032239532470703124 0.0835886001586914
2 0.6324283123016358 0.10944538116455078 0.03712730407714844 0.05684847235679626
0 0.6311498165130616 0.32926034927368164 0.05665140151977539 0.05866584777832031
0 0.09865524768829345 0.36021957397460935 0.12975223064422609 0.07565121650695801
0 0.027898508310317992 0.358824634552002 0.055797016620635985 0.07055158615112304
0 0.3309363842010498 0.33592677116394043 0.07505464553833008 0.03951101303100586
