0 0.4147323668003082 0.7257506251335144 0.14132893085479736 0.10039997100830078
0 0.7028020024299622 0.7019975781440735 0.07149636745452881 0.06589138507843018
0 0.1753927767276764 0.8166004419326782 0.3507855534553528 0.36623185873031616
0 0.9690597653388977 0.7301623821258545 0.06188046932220459 0.19189250469207764
2 0.8663331270217896 0.6888988614082336 0.012003540992736816 0.03173673152923584
2 0.8940826654434204 0.6861158609390259 0.010647177696228027 0.027862131595611572
2 0.8483424186706543 0.6895570755004883 0.010444462299346924 0.0301782488822937
0 0.4888521432876587 0.7051593065261841 0.16276302933692932 0.08897894620895386
3 0.44360047578811646 0.6056210994720459 0.008193016052246094 0.026062309741973877
3 0.6131928563117981 0.5956956148147583 0.010478973388671875 0.028989791870117188
