0 0.03815864771604538 0.7887156009674072 0.04404192417860031 0.024937212467193604
3 0.06434360891580582 0.5452726483345032 0.01980113983154297 0.0464092493057251
0 0.9605871438980103 0.7817820310592651 0.07882577180862427 0.03808706998825073
0 0.40023332834243774 0.7808458805084229 0.023724734783172607 0.01662391424179077
2 0.6532363891601562 0.7763031125068665 0.009538471698760986 0.023246407508850098
3 0.5068055987358093 0.7042434811592102 0.006647586822509766 0.013399362564086914
0 0.4291134476661682 0.7778768539428711 0.017608463764190674 0.019228339195251465
0 0.532332718372345 0.7830814719200134 0.03437328338623047 0.03618812561035156
3 0.07844369113445282 0.715294361114502 0.013730503618717194 0.01123422384262085
3 0.0715644359588623 0.7145126461982727 0.007829144597053528 0.012576103210449219
0 0.5533683896064758 0.7776812314987183 0.01872706413269043 0.019121944904327393
3 0.5212014317512512 0.7040398716926575 0.009487152099609375 0.012059450149536133
3 0.5401896834373474 0.7032569646835327 0.013034820556640625 0.01417464017868042
