0 0.569950520992279 0.7845674157142639 0.2738737165927887 0.3183729648590088
3 0.15900740027427673 0.2065981924533844 0.051285579800605774 0.09955497086048126
3 0.935951828956604 0.5565145015716553 0.01894533634185791 0.05783265829086304
3 0.8573739528656006 0.5925043821334839 0.012930333614349365 0.04314321279525757
3 0.8859140872955322 0.5762035846710205 0.015553295612335205 0.049742817878723145
0 0.017966067418456078 0.662354588508606 0.03585578128695488 0.06390410661697388
0 0.1659465879201889 0.6825141906738281 0.12947091460227966 0.07620412111282349
4 0.0671975165605545 0.6783697605133057 0.016196463257074356 0.031075119972229004
0 0.7504675984382629 0.7514705657958984 0.09842705726623535 0.050594985485076904
3 0.36758914589881897 0.6563600301742554 0.008679509162902832 0.026503443717956543
3 0.918166995048523 0.5657026767730713 0.01718538999557495 0.05542832612991333
3 0.7126821279525757 0.6890873908996582 0.008791625499725342 0.036176860332489014
