3 0.7489118576049805 0.31481653451919556 0.03711891174316406 0.11677521467208862
3 0.3003295958042145 0.07206771522760391 0.035529136657714844 0.11901677399873734
0 0.11329269409179688 0.5971788167953491 0.08273869752883911 0.03780573606491089
2 0.5809549689292908 0.5886433124542236 0.05636119842529297 0.1438162922859192
1 0.5817068219184875 0.6286513209342957 0.05392646789550781 0.11082792282104492
0 0.5161116719245911 0.5760679841041565 0.07627716660499573 0.08277058601379395
0 0.7077370882034302 0.5412840843200684 0.03017103672027588 0.023479342460632324
3 0.746880292892456 0.4099382758140564 0.0324670672416687 0.057599157094955444
0 0.4230318069458008 0.5621334314346313 0.07025223970413208 0.0788833498954773
0 0.46616601943969727 0.5512102246284485 0.029692262411117554 0.039885520935058594
0 0.6039719581604004 0.5402406454086304 0.014222443103790283 0.013197124004364014
