3 0.8563053607940674 0.4712033271789551 0.03418844938278198 0.08579990267753601
3 0.8074033260345459 0.5184661149978638 0.029620587825775146 0.06984975934028625
3 0.5618717074394226 0.5987895727157593 0.01438760757446289 0.0457233190536499
3 0.5144551396369934 0.5992252826690674 0.013096094131469727 0.0451391339302063
3 0.46137678623199463 0.598594605922699 0.014421850442886353 0.04509925842285156
3 0.009927110746502876 0.4854027032852173 0.019854221493005753 0.07696446776390076
0 0.2714811861515045 0.7920958995819092 0.04212653636932373 0.03274494409561157
2 0.8494288921356201 0.8193243145942688 0.04856032133102417 0.13376271724700928
1 0.7334765195846558 0.8037804365158081 0.04487621784210205 0.037748754024505615
0 0.32139676809310913 0.7914506793022156 0.037610799074172974 0.035513877868652344
2 0.7328255772590637 0.7889750003814697 0.02367854118347168 0.05335277318954468
1 0.7649554014205933 0.8063514828681946 0.03782159090042114 0.034369707107543945
2 0.9655715227127075 0.8058098554611206 0.06885689496994019 0.1351730227470398
0 0.15497517585754395 0.8019912838935852 0.13034343719482422 0.09520077705383301
2 0.43064895272254944 0.7849560976028442 0.007837116718292236 0.01973170042037964
2 0.7679601907730103 0.792077898979187 0.0190466046333313 0.05429285764694214
1 0.8650480508804321 0.859139084815979 0.038604736328125 0.09517133235931396
2 0.7829723358154297 0.7848092317581177 0.009896457195281982 0.02328968048095703
0 0.3500765860080719 0.788843035697937 0.02877599000930786 0.03044813871383667
1 0.8583505749702454 0.855746865272522 0.043370842933654785 0.0956043004989624
