0 0.4338329315185547 0.8119256019592285 0.3003192663192749 0.37614879608154295
0 0.04898025393486023 0.75574951171875 0.09796050786972046 0.22437057495117188
0 0.29851884841918946 0.6946717739105225 0.08074769973754883 0.0893712043762207
0 0.776513671875 0.6965172767639161 0.05136737823486328 0.03141345977783203
0 0.8546604156494141 0.6969881057739258 0.06033039093017578 0.028202152252197264
0 0.8548044204711914 0.7044190883636474 0.0614471435546875 0.043215370178222655
3 0.8191076278686523 0.6182192802429199 0.010428237915039062 0.03355255126953125
0 0.10533449649810792 0.6721110343933105 0.08211293220520019 0.035372352600097655
0 0.5468390941619873 0.6950194358825683 0.04993438720703125 0.08364543914794922
3 0.8355415344238282 0.6157560825347901 0.013164520263671875 0.02485065460205078
