0 0.030113375186920165 0.6888714790344238 0.06022675037384033 0.06652317047119141
1 0.8169679641723633 0.7285928726196289 0.02364768981933594 0.041154098510742185
2 0.8166141510009766 0.7115805625915528 0.024058151245117187 0.06706018447875976
3 0.790196418762207 0.6354740619659424 0.009762191772460937 0.02713937759399414
0 0.5260039806365967 0.7324939727783203 0.14704456329345703 0.1461637496948242
0 0.14548702239990235 0.6992828369140625 0.08378047943115234 0.07563591003417969
1 0.6767114639282227 0.7205516338348389 0.031047821044921875 0.06075639724731445
0 0.7175400733947754 0.7066256523132324 0.056461334228515625 0.06810388565063477
3 0.35500895977020264 0.5950148582458497 0.016237783432006835 0.03427562713623047
0 0.9379085540771485 0.8550183296203613 0.12385768890380859 0.2899633407592773
0 0.2886800289154053 0.7266148567199707 0.11656627655029297 0.1317904472351074
0 0.9380910873413086 0.9011318206787109 0.12381782531738281 0.1976909637451172
2 0.6675596237182617 0.7037613868713379 0.012917518615722656 0.053493690490722653
