0 0.965240478515625 0.8076095581054688 0.06951904296875 0.2405029296875
0 0.42598886489868165 0.7458901882171631 0.13971519470214844 0.20475969314575196
3 0.4181912899017334 0.6095521926879883 0.0076539039611816405 0.022119522094726562
2 0.929766845703125 0.6842983722686767 0.024646759033203125 0.09854631423950196
0 0.6842975616455078 0.7090437889099122 0.0722768783569336 0.09763832092285156
2 0.9453336715698242 0.6831241130828858 0.024291610717773436 0.08918342590332032
2 0.21896929740905763 0.6849686622619628 0.010585403442382813 0.02695302963256836
1 0.9387999534606933 0.7149846076965332 0.03989486694335938 0.04557323455810547
2 0.9369087219238281 0.684255313873291 0.0380645751953125 0.09767799377441407
1 0.938365364074707 0.7047802925109863 0.038169479370117186 0.06585407257080078
