0 0.876209831237793 0.8111782073974609 0.2475804328918457 0.37764368057250974
0 0.06649726629257202 0.6988062858581543 0.09356496334075928 0.07100028991699218
2 0.8227749824523926 0.6887043952941895 0.0177520751953125 0.0707916259765625
0 0.6496829032897949 0.7019545555114746 0.07875804901123047 0.08419933319091796
2 0.7016371726989746 0.6819620609283448 0.015484237670898437 0.051443862915039065
2 0.8175756454467773 0.6883024215698242 0.026890373229980467 0.0724020004272461
0 0.45751285552978516 0.7197479248046875 0.09126319885253906 0.13041610717773439
0 0.7879551410675049 0.6622707366943359 0.036158275604248044 0.03121814727783203
2 0.7339042663574219 0.6884004592895507 0.010898590087890625 0.021271705627441406
2 0.17832953929901124 0.6846617221832275 0.010236024856567383 0.025142383575439454
2 0.811948299407959 0.6885125160217285 0.020192909240722656 0.0709341049194336
2 0.19786288738250732 0.6827651023864746 0.010604429244995116 0.026951313018798828
0 0.31983556747436526 0.6825348854064941 0.032984447479248044 0.04084072113037109
